     #Temp                       Magnetization                    Susceptibility                    Energy                    Cv
   4.0000000000000000        1.5478482937474341E-002   8.6805600353737397E-002 -0.47818768140273321       0.13233414258101428     
   3.9000000953674316        1.5708457377909012E-002   9.1835773088186634E-002 -0.49108924930146147       0.14082681751996431     
   3.7999999523162842        1.5967175151021046E-002   9.6914117764879459E-002 -0.50462653548908287       0.14854834376445261     
   3.7000000476837158        1.6227808858769659E-002  0.10240698201180065      -0.51907337780699925       0.15698835284383827     
   3.5999999046325684        1.6489437744415251E-002  0.10936990361421507      -0.53437055217871854       0.16713373964021150     
   3.5000000000000000        1.6817930914489011E-002  0.11662534887174837      -0.55049970054600383       0.17712306744920053     
   3.4000000953674316        1.7177124001841189E-002  0.12528495203065013      -0.56777933113450463       0.18992606164144243     
   3.2999999523162842        1.7563884230390285E-002  0.13573668872325126      -0.58641066968750000       0.20339803570546436     
   3.2000000476837158        1.7961397967612536E-002  0.14826478977178309      -0.60644024683298858       0.21850227919872448     
   3.0999999046325684        1.8493365630467638E-002  0.16155282149509279      -0.62789879196307297       0.23573534746077493     
   3.0000000000000000        1.9105770767757678E-002  0.17778936774881440      -0.65108612850959691       0.25707522934902294     
   2.9000000953674316        1.9798903696186011E-002  0.19958738479421675      -0.67617599938524664       0.27891233585192032     
   2.7999999523162842        2.0601276898383657E-002  0.22889225680448502      -0.70361487308563742       0.30652166854241225     
   2.7000000476837158        2.1564794025009219E-002  0.25685774226830099      -0.73338098129820328       0.33384086236076738     
   2.5999999046325684        2.2741264225554201E-002  0.29610098929384210      -0.76664968753839868       0.36708448031229896     
   2.5000000000000000        2.4303979176598382E-002  0.36186876858005229      -0.80345594937089748       0.41447544995037333     
   2.4000000953674316        2.6207937119297694E-002  0.43440660892663291      -0.84509931739269295       0.47054726190345325     
   2.2999999523162842        2.8962170762993348E-002  0.58987428015553656      -0.89212616265358125       0.53867254147047217     
   2.2000000476837158        3.3115297760517221E-002  0.80667043682974460      -0.94704278779371887       0.63798197996556882     
   2.0999999046325684        4.0407751107208442E-002   1.3471239258239207       -1.0125897896707412       0.79799388153465201     
   2.0000000000000000        5.3989224258410351E-002   2.8362454542222566       -1.0943773917631079        1.0429604414632365     
   1.8999999761581421        9.5122108195258057E-002   8.9354054172935360       -1.2069206601894846        1.7670585075715617     
   1.7999999523162842       0.30639282802171203        8.3985524918352503       -1.4371898248113018        3.8460031470750224     
   1.7000000476837158       0.45130361525542589        1.7524046357250160       -1.6969003779021583        2.7084735101337025     
   1.6000000238418579       0.53258572149751870        1.0300234880694745       -1.9137527572658359        2.2772473315633777     
   1.5000000000000000       0.59309975426698403       0.66433910486729530       -2.1048523947173456        2.0803800668210846     
   1.3999999761581421       0.64201999953868660       0.46796316993973081       -2.2787788278286989        1.7192527881123973     
   1.2999999523162842       0.68238213507598500       0.36593221377763185       -2.4376608952777103        1.4948396317585537     
   1.2000000476837158       0.71836660636642391       0.27422239677206672       -2.5866009520546371        1.2849628783931000     
   1.1000000238418579       0.75010426664352514       0.21962962372121983       -2.7264070170714731        1.0528025333446758     
   1.0000000000000000       0.77932534339906501       0.15655695393146374       -2.8591724957323348       0.77895712911413284     
  0.89999997615814209       0.80635415184571435       0.11551400416722307       -2.9866828015184490       0.53760462042050539     
  0.80000001192092896       0.83138667463003157        9.0900614156899776E-002  -3.1094122149103165       0.18326664659226541     
  0.69999998807907104       0.85546612700237179        4.3492215591180529E-002  -3.2289013267138986      -0.31656762069864552     
  0.60000002384185791       0.87792938224440953        9.6646059741322624E-003  -3.3451170781335260       -1.1097896028604408     
