 ## i ## j ## S_x ## S_y ## S_z ##
  0.10000000149011612                1           1           1  0.49837613054948016       0.41970119477675427      -0.75859880015822101     
  0.10000000149011612                1           1           2 -0.56833778555522618       0.18436373416519258      -0.80187416408988255     
  0.10000000149011612                1           1           3  -5.0835116188171429E-002 -0.18251861036145312      -0.98188733968508790     
  0.10000000149011612                1           1           4 -0.30272158982265424      -0.17347198086367988      -0.93715906382560044     
  0.10000000149011612                1           1           5 -0.29783104351377176        7.3175300436535057E-002 -0.95180987856058763     
  0.10000000149011612                1           1           6   7.8435271416208277E-002  0.37162273241500199      -0.92506456690885830     
  0.10000000149011612                1           2           1  0.21784556203777777        8.8432189300775343E-002 -0.97196865124134357     
  0.10000000149011612                1           2           2  0.41610266817906394      -0.17227431293317846      -0.89284944455247617     
  0.10000000149011612                1           2           3 -0.50014815059161544       0.16564389857312567      -0.84994936691857292     
  0.10000000149011612                1           2           4 -0.27556536811721971      -0.16826956069583995      -0.94644021619838736     
  0.10000000149011612                1           2           5  -8.3985585148658882E-003 -0.17517571754099553      -0.98450136221280549     
  0.10000000149011612                1           2           6  0.48616019938310845       0.23031195488467457      -0.84297370301390528     
  0.10000000149011612                1           3           1 -0.13633451985888026        6.2279841032684656E-002 -0.98870325178781127     
  0.10000000149011612                1           3           2  0.20724518568306452      -0.11597594715486664      -0.97139024737369262     
  0.10000000149011612                1           3           3 -0.16948954065215047      -0.13366468445041790      -0.97642564885417327     
  0.10000000149011612                1           3           4  0.10545706846776681      -0.26768326883691723      -0.95771836898692064     
  0.10000000149011612                1           3           5 -0.21707692437082812       -6.7549648986570010E-002 -0.97381448635122125     
  0.10000000149011612                1           3           6   4.4351853611173671E-002  0.11252460528070450      -0.99265861517828713     
  0.10000000149011612                1           4           1  0.13497459876438975       -6.4264075842230733E-002 -0.98876285642439865     
  0.10000000149011612                1           4           2  0.32565747294726927      -0.16188872209738850      -0.93152522884314470     
  0.10000000149011612                1           4           3  0.29114977018584676        1.8175267741640643E-002 -0.95650482014637450     
  0.10000000149011612                1           4           4 -0.21992216100062975      -0.15663247923471052      -0.96286058676716069     
  0.10000000149011612                1           4           5   2.3377485584138609E-002  0.24885394012261094      -0.96825885467328177     
  0.10000000149011612                1           4           6   8.5786702368887149E-002  0.24246593417072843      -0.96635961860137143     
  0.10000000149011612                1           5           1  0.60219950494704166       0.32947626903552157      -0.72718714536491258     
  0.10000000149011612                1           5           2  -6.2376537115695407E-002  0.12060931479587515      -0.99073839170687428     
  0.10000000149011612                1           5           3  0.17910617031666906        7.4402675649335823E-002 -0.98101234528965842     
  0.10000000149011612                1           5           4 -0.21679717655772696      -0.12471609420186339      -0.96821737233104310     
  0.10000000149011612                1           5           5   7.0690804501365501E-002   8.5182148267663682E-002 -0.99385452244051065     
  0.10000000149011612                1           5           6  0.19137731713527983        8.5351585278958614E-002 -0.97779846051038100     
  0.10000000149011612                1           6           1   2.4400885929278793E-002  0.62217015965875078      -0.78250168638544859     
  0.10000000149011612                1           6           2  -8.8571544091275101E-002 -0.14087292065801335      -0.98605775784310346     
  0.10000000149011612                1           6           3 -0.12651294271337293       -8.8943486701934360E-002 -0.98796939805811068     
  0.10000000149011612                1           6           4  -7.0234408965239151E-002 -0.35831556555062638      -0.93095493085403347     
  0.10000000149011612                1           6           5  0.21414000818937615       0.11251958334503710      -0.97030067518090146     
  0.10000000149011612                1           6           6  0.19352195410920270       0.16522360891205670      -0.96708345675842855     
  0.10000000149011612                2           1           1  0.49755923574967548       0.19854154667249119      -0.84440278372651867     
  0.10000000149011612                2           1           2 -0.63364667855584234        6.3044251077120486E-002 -0.77104948554633901     
  0.10000000149011612                2           1           3  0.24540461371167346      -0.22646575336455529      -0.94259738919755598     
  0.10000000149011612                2           1           4 -0.33647267426455341        2.5964840153333817E-002 -0.94133520413775640     
  0.10000000149011612                2           1           5 -0.35128119941450547       -5.0537715355034207E-002 -0.93490505307469596     
  0.10000000149011612                2           1           6 -0.10261504025177356        6.4428979120381633E-002 -0.99263238923764341     
  0.10000000149011612                2           2           1  0.58399130831911072       -5.6611971809115702E-002 -0.80978345034683019     
  0.10000000149011612                2           2           2  0.37668949938862573      -0.14001684398188033      -0.91569662249661066     
  0.10000000149011612                2           2           3 -0.53880322332519348      -0.42317321548428122      -0.72843360454544914     
  0.10000000149011612                2           2           4 -0.39961403633319958       -2.0131074313723882E-002 -0.91646241702126741     
  0.10000000149011612                2           2           5   1.6342848195703374E-002 -0.34503643587364241      -0.93844699862723524     
  0.10000000149011612                2           2           6  0.63364991656199032       0.22505458810339507      -0.74016093899542812     
  0.10000000149011612                2           3           1  -1.8107249396109214E-002  0.23302779073984550      -0.97230148424355178     
  0.10000000149011612                2           3           2  0.13996316235582845       0.25243377429912989      -0.95743798899795696     
  0.10000000149011612                2           3           3 -0.10468829602042311      -0.13639549230345890      -0.98510742071899826     
  0.10000000149011612                2           3           4  -9.7694030639470710E-003 -0.15137197314285381      -0.98842859353147672     
  0.10000000149011612                2           3           5 -0.17905504885540374      -0.20153777103926687      -0.96297550141419119     
  0.10000000149011612                2           3           6  0.29976165651635989       0.10543789571820633      -0.94816971024658059     
  0.10000000149011612                2           4           1   8.9205381437311784E-002   7.8618299046757004E-002 -0.99290561634911623     
  0.10000000149011612                2           4           2  0.37049699887002596       -9.9771388190340211E-003 -0.92878007651396666     
  0.10000000149011612                2           4           3  0.33989677432036552       0.15152141415939316      -0.92817640772524923     
  0.10000000149011612                2           4           4 -0.21070721712707044      -0.26025350107130207      -0.94226884901852470     
  0.10000000149011612                2           4           5 -0.10724006997450387        5.4291970864769619E-002 -0.99274969115657874     
  0.10000000149011612                2           4           6   4.7519865047872971E-002  0.33636175085616221      -0.94053316527744468     
  0.10000000149011612                2           5           1  0.33340883610990918       0.15708232708224779      -0.92960405040117022     
  0.10000000149011612                2           5           2  0.27280901058479645      -0.17485496097911538      -0.94604491773104327     
  0.10000000149011612                2           5           3  0.27685103156225022       0.10362178540045271      -0.95530939067578546     
  0.10000000149011612                2           5           4 -0.28926968354388555      -0.15107190589621802      -0.94525146359648904     
  0.10000000149011612                2           5           5   7.2796025007033013E-002   6.0265206326844532E-002 -0.99552440635554396     
  0.10000000149011612                2           5           6  0.26212541089096070      -0.36936034199945889      -0.89155101184581009     
  0.10000000149011612                2           6           1 -0.13091103587216882       -2.5300780201567234E-002 -0.99107122408435799     
  0.10000000149011612                2           6           2   6.5673913081845236E-003   1.9004905618039521E-002 -0.99979782102875914     
  0.10000000149011612                2           6           3 -0.16050850312890405        6.3137905678424089E-002 -0.98501300767546263     
  0.10000000149011612                2           6           4  -5.4745726801748969E-003 -0.18755040588193975      -0.98223972344203692     
  0.10000000149011612                2           6           5  0.28101521347953590      -0.31532011346872091      -0.90642356315087258     
  0.10000000149011612                2           6           6 -0.16364717776328266      -0.12592622274056700      -0.97844886817677179     
  0.10000000149011612                3           1           1  0.15299754680009614       -1.1376114141029011E-002 -0.98816108742461761     
  0.10000000149011612                3           1           2 -0.60646584792586244      -0.44532191880696043      -0.65870142244392615     
  0.10000000149011612                3           1           3  0.22143133999076745      -0.24587513081287357      -0.94367027171446138     
  0.10000000149011612                3           1           4 -0.23647097941920450      -0.15440653499837151      -0.95929145614996425     
  0.10000000149011612                3           1           5  -4.0239424052517903E-002   9.3712484142111530E-002 -0.99478578551758379     
  0.10000000149011612                3           1           6  -1.4478326571678425E-002  0.10660588437729432      -0.99419593817105223     
  0.10000000149011612                3           2           1  0.45142691133492402       0.22237396249213887      -0.86415482671113708     
  0.10000000149011612                3           2           2  0.38314262734907606      -0.28806298773099193      -0.87762260807680970     
  0.10000000149011612                3           2           3 -0.76557630816378119      -0.17289317657220576      -0.61967803404113597     
  0.10000000149011612                3           2           4 -0.57708388125712007        2.9587046390395767E-002 -0.81614876136591097     
  0.10000000149011612                3           2           5 -0.32857261678335070       0.10195540004219220      -0.93895960078289731     
  0.10000000149011612                3           2           6  0.53035333470120116       0.10825931555872484      -0.84083604880266172     
  0.10000000149011612                3           3           1  0.33579894417822775       0.17169808486651625      -0.92615270703159858     
  0.10000000149011612                3           3           2  0.33941317673001892       -5.9108537009512518E-002 -0.93877839574344280     
  0.10000000149011612                3           3           3  -6.5353364298451636E-002 -0.28498265089843239      -0.95630216274030044     
  0.10000000149011612                3           3           4  -6.3209633529271003E-002 -0.11240799653538389      -0.99164962791501943     
  0.10000000149011612                3           3           5 -0.11584235948166273       -7.4510063301556601E-002 -0.99046897892691177     
  0.10000000149011612                3           3           6  0.45506023467328371        5.0423135422032500E-002 -0.88903188369895225     
  0.10000000149011612                3           4           1  0.10702256468656988       0.11323659423199871      -0.98778724651346184     
  0.10000000149011612                3           4           2  0.19564975523248143       -2.2011106260251278E-002 -0.98042678690388196     
  0.10000000149011612                3           4           3  0.33248520041065105       -1.7762683684609742E-002 -0.94294118510976588     
  0.10000000149011612                3           4           4 -0.39233892290180106       -8.3934241815652635E-002 -0.91598319451127819     
  0.10000000149011612                3           4           5 -0.28629630376304360       -5.8987768846665282E-002 -0.95632362178193187     
  0.10000000149011612                3           4           6  -7.8279937335707719E-002  0.35650984150562359      -0.93100643624002555     
  0.10000000149011612                3           5           1  0.17800249165080176       0.14350541799904695      -0.97350978832830704     
  0.10000000149011612                3           5           2  0.37930627968999575       -5.4494200770171732E-002 -0.92366505199133464     
  0.10000000149011612                3           5           3  0.34441449292172988       0.11878995697393960      -0.93127203500781519     
  0.10000000149011612                3           5           4 -0.15758197508650182      -0.12533845754002060      -0.97951936795008065     
  0.10000000149011612                3           5           5   5.1663567020229520E-002 -0.40552466877471327      -0.91262293355903856     
  0.10000000149011612                3           5           6  0.40539684936513343      -0.16483841975021690      -0.89915609873874214     
  0.10000000149011612                3           6           1  -4.3957752392395827E-002 -0.22572469121949229      -0.97319889014449334     
  0.10000000149011612                3           6           2   8.4748808664825911E-002 -0.13048796938551946      -0.98782110185778904     
  0.10000000149011612                3           6           3  -8.4752581839385818E-002  0.16710405782741608      -0.98228979111521353     
  0.10000000149011612                3           6           4  0.10378999570714299      -0.13895194277213313      -0.98484516264789612     
  0.10000000149011612                3           6           5  0.19550934775536349      -0.16551214267350883      -0.96663427704995875     
  0.10000000149011612                3           6           6 -0.11532366464336985       -2.6487403148459928E-002 -0.99297475791063017     
  0.10000000149011612                4           1           1  0.35691044299471092       -6.8288732871981533E-002 -0.93163919230786896     
  0.10000000149011612                4           1           2 -0.59673622674759885       -1.8479812829719444E-002 -0.80222463948997280     
  0.10000000149011612                4           1           3  0.25797028813270650      -0.29433420920452225      -0.92022752824107412     
  0.10000000149011612                4           1           4 -0.33574525643231823        6.8845333007508114E-002 -0.93943357556896068     
  0.10000000149011612                4           1           5  0.13840852205341247      -0.16155856852520020      -0.97710895500915262     
  0.10000000149011612                4           1           6  0.10582266946535837        6.0337269344747993E-002 -0.99255275756769967     
  0.10000000149011612                4           2           1  0.27001255266183533       0.25219845376437167      -0.92924117500458392     
  0.10000000149011612                4           2           2   4.0802961763506326E-003  -7.8454407473841671E-003 -0.99996089935686616     
  0.10000000149011612                4           2           3 -0.68480596830547247       -4.4359488645677972E-002 -0.72737405888600282     
  0.10000000149011612                4           2           4 -0.27699741554473173      -0.39301589970601986      -0.87681864393944486     
  0.10000000149011612                4           2           5 -0.20293120466635384       0.13369370374119768      -0.97002315423531171     
  0.10000000149011612                4           2           6  0.58213178706642688       0.14523269737219918      -0.80001877859262993     
  0.10000000149011612                4           3           1  0.25639693770263106        2.4466636802047779E-002 -0.96626186617309384     
  0.10000000149011612                4           3           2  0.48769298679415296        6.6645178037463795E-002 -0.87046767365373934     
  0.10000000149011612                4           3           3  0.21239036911024531      -0.10068569729170863      -0.97198391008807150     
  0.10000000149011612                4           3           4 -0.11388452752729657      -0.47313404877877407      -0.87359858417701719     
  0.10000000149011612                4           3           5  -7.7889513532129362E-002 -0.13099572581186963      -0.98831844235587840     
  0.10000000149011612                4           3           6 -0.11785379555760517       0.11618388312842727      -0.98621082339115818     
  0.10000000149011612                4           4           1   6.3765412070533323E-002  0.16369543549766674      -0.98444795526259499     
  0.10000000149011612                4           4           2  -8.9407175525338209E-002   3.8588091313032570E-002 -0.99524736431371597     
  0.10000000149011612                4           4           3  0.35308203654763487       -3.4148669476438118E-002 -0.93496895340987851     
  0.10000000149011612                4           4           4 -0.42606199475972917      -0.14708550480669666      -0.89265728636309227     
  0.10000000149011612                4           4           5   3.3492211592234922E-002   3.7519620414943382E-002 -0.99873447414544547     
  0.10000000149011612                4           4           6  -1.8243130132885553E-002   3.9088285968015092E-002 -0.99906921387010883     
  0.10000000149011612                4           5           1  0.11002387226185430       -1.8576069503761620E-002 -0.99375534070227700     
  0.10000000149011612                4           5           2  0.21752446822316102       -3.8104349008475917E-002 -0.97531080395475533     
  0.10000000149011612                4           5           3  0.25446679590670324       0.16278636493277751      -0.95328235542936013     
  0.10000000149011612                4           5           4 -0.15604219402108158       -4.0855361364503323E-002 -0.98690509834171136     
  0.10000000149011612                4           5           5  0.11723635512233459      -0.20815857531778753      -0.97104358530361490     
  0.10000000149011612                4           5           6  0.28583881928310123       -3.6583649334419981E-002 -0.95757913823987351     
  0.10000000149011612                4           6           1 -0.47511402235258232       0.10606035270548457      -0.87350893947797592     
  0.10000000149011612                4           6           2   7.2647876021916094E-002 -0.24371914908844863      -0.96712112089288327     
  0.10000000149011612                4           6           3   6.1885283812460744E-002   9.8029103531722395E-002 -0.99325752275440538     
  0.10000000149011612                4           6           4  0.14233499376897629      -0.54900530504377476      -0.82361029897796767     
  0.10000000149011612                4           6           5 -0.24979042444176444       -8.1196911844094430E-002 -0.96488953013502299     
  0.10000000149011612                4           6           6  0.13294450393781798       0.25973386182149510      -0.95648527427034646     
  0.10000000149011612                5           1           1  0.28739572965178123       -8.5229345796927564E-002 -0.95401239677110483     
  0.10000000149011612                5           1           2 -0.45409501614520376      -0.18970579479577462      -0.87052250271488707     
  0.10000000149011612                5           1           3  -1.6397953320126401E-002  -9.9959665297154637E-002 -0.99485635769220060     
  0.10000000149011612                5           1           4 -0.43270560708012823      -0.45905142108639019      -0.77591085209576971     
  0.10000000149011612                5           1           5 -0.13898283573670472        6.2094746344524561E-002 -0.98834610023361413     
  0.10000000149011612                5           1           6   5.3551941560775765E-002 -0.14605883177171430      -0.98782539308146622     
  0.10000000149011612                5           2           1  -7.7117120327093343E-003  0.48455937017090267      -0.87472438303565236     
  0.10000000149011612                5           2           2  -6.1511385848191116E-002  -8.6062490826695592E-002 -0.99438905720233062     
  0.10000000149011612                5           2           3 -0.45693908441994296        9.1407644061334732E-003 -0.88945102144836274     
  0.10000000149011612                5           2           4 -0.45000492375269929      -0.32394113240893052      -0.83220052351097873     
  0.10000000149011612                5           2           5 -0.19138342339596318      -0.15742064780662926      -0.96880912717283107     
  0.10000000149011612                5           2           6  0.43547631905126066      -0.10312118741885158      -0.89427422877487128     
  0.10000000149011612                5           3           1  0.36739937553527352       0.25599343953728187      -0.89413928320489477     
  0.10000000149011612                5           3           2  0.14474588512078287       -2.1602452640931712E-002 -0.98923301743345460     
  0.10000000149011612                5           3           3   8.3112010407087010E-003   6.9707590424895535E-002 -0.99753284445897616     
  0.10000000149011612                5           3           4 -0.19048144061369487      -0.25013317637343163      -0.94928932094439422     
  0.10000000149011612                5           3           5 -0.10503374981460163       -6.2659391666896810E-002 -0.99249267606155067     
  0.10000000149011612                5           3           6 -0.19112208720959648       0.15610668230510524      -0.96907329522608365     
  0.10000000149011612                5           4           1   5.2952995902286228E-002  0.11709661335876438      -0.99170780140365966     
  0.10000000149011612                5           4           2 -0.24510804070760434       -4.7268456895397978E-002 -0.96834278092171844     
  0.10000000149011612                5           4           3  0.27768745278821289       -1.0004449128871841E-003 -0.96067095182167883     
  0.10000000149011612                5           4           4 -0.44644054247501497      -0.29148862344394427      -0.84600545177756914     
  0.10000000149011612                5           4           5 -0.21222020649876547       -3.6125234241043871E-002 -0.97655391628145705     
  0.10000000149011612                5           4           6 -0.14018126674208164       -2.6828916219455934E-002 -0.98976230566185674     
  0.10000000149011612                5           5           1   3.9813278744320016E-002 -0.26323240088650762      -0.96391057985642625     
  0.10000000149011612                5           5           2   7.0583758413341274E-002 -0.21463010533914084      -0.97414159696132285     
  0.10000000149011612                5           5           3  0.15691952850073798      -0.20915321009536417      -0.96521044144886381     
  0.10000000149011612                5           5           4 -0.29471305622344074      -0.28093965825667960      -0.91335487238535007     
  0.10000000149011612                5           5           5  -5.8691131252640485E-002 -0.15191784133131081      -0.98664903618131605     
  0.10000000149011612                5           5           6  0.34533528310294992        8.6474496793670516E-002 -0.93448686649331081     
  0.10000000149011612                5           6           1 -0.63487431504912251        5.6960486064783922E-003 -0.77259443378863413     
  0.10000000149011612                5           6           2 -0.14922159624380302       -5.7317551659810444E-002 -0.98714113149345384     
  0.10000000149011612                5           6           3 -0.22877769977061724      -0.10330966811712866      -0.96798134101913047     
  0.10000000149011612                5           6           4 -0.19876184223764212      -0.34000165857193060      -0.91918039700519882     
  0.10000000149011612                5           6           5   1.3948496932670739E-002  -4.7485581640913779E-002 -0.99877452859468907     
  0.10000000149011612                5           6           6   8.3835717577112209E-002  -8.3983287999467304E-002 -0.99293422732582304     
  0.10000000149011612                6           1           1  0.25090625430897084      -0.36735710906960817      -0.89559745754700648     
  0.10000000149011612                6           1           2 -0.42628450907023419      -0.13351955577762131      -0.89468097417554160     
  0.10000000149011612                6           1           3  -3.2178624838547810E-002 -0.15966797372148755      -0.98664617481201144     
  0.10000000149011612                6           1           4 -0.40057621249832054      -0.30812234649248099      -0.86290168476627038     
  0.10000000149011612                6           1           5 -0.27795912211958834      -0.17425778077094961      -0.94465493820298818     
  0.10000000149011612                6           1           6   6.6078197721292808E-002  0.17656990457393076      -0.98206758453003562     
  0.10000000149011612                6           2           1  0.11401386671056231      -0.15895490416234495      -0.98068046612566206     
  0.10000000149011612                6           2           2   1.6977941214699990E-002  -3.4872358951182944E-002 -0.99924755095686379     
  0.10000000149011612                6           2           3 -0.53687985942884198       -6.1858460034438399E-003 -0.84363603043545299     
  0.10000000149011612                6           2           4 -0.39641391596379211      -0.28806474013730649      -0.87170792856316137     
  0.10000000149011612                6           2           5  -4.1864359771235909E-003  -2.7404151877863301E-002 -0.99961566925177026     
  0.10000000149011612                6           2           6  0.33889319786855898      -0.18066989655027474      -0.92331456661255740     
  0.10000000149011612                6           3           1   6.9571944145086120E-002   5.8143078254865505E-002 -0.99588108077165594     
  0.10000000149011612                6           3           2  0.10243999107900661       0.31331904130221944      -0.94410657586164026     
  0.10000000149011612                6           3           3   1.1041196770246797E-002   2.4249208997395195E-003 -0.99993610382489473     
  0.10000000149011612                6           3           4 -0.15145051516069866      -0.13443398719692942      -0.97928047286969566     
  0.10000000149011612                6           3           5  -3.5031887575830964E-002  -3.0678965923528142E-002 -0.99891519555102237     
  0.10000000149011612                6           3           6   3.5337677680899557E-002   7.4605621419422161E-002 -0.99658679992700216     
  0.10000000149011612                6           4           1  -3.9588118117521260E-003  0.10527009370720711      -0.99443578735879923     
  0.10000000149011612                6           4           2  -4.6823202671788668E-002   3.6732187101925114E-002 -0.99822759635379033     
  0.10000000149011612                6           4           3  0.29473878652868046       -3.0841225438894119E-002 -0.95508003147852916     
  0.10000000149011612                6           4           4 -0.33473708647829598       -4.5505133854265370E-002 -0.94121217891022169     
  0.10000000149011612                6           4           5  0.10540373884915974       0.17125468849379827      -0.97957229621172437     
  0.10000000149011612                6           4           6   5.4371640977127489E-003  0.28019548877309908      -0.95992756253676692     
  0.10000000149011612                6           5           1  0.19524486618950140        5.2494220575471207E-002 -0.97934866060704728     
  0.10000000149011612                6           5           2   3.8674991012375884E-002 -0.10447374774154972      -0.99377536752680062     
  0.10000000149011612                6           5           3  0.28713132178928485        1.2145957894059405E-002 -0.95781421985392023     
  0.10000000149011612                6           5           4 -0.30141218343659149       -5.0429807553068133E-002 -0.95215940376921504     
  0.10000000149011612                6           5           5   7.9513860592277885E-002  -1.4326525293991126E-002 -0.99673080450375995     
  0.10000000149011612                6           5           6  0.28655479302067233        4.6369189888127056E-003 -0.95805263403383578     
  0.10000000149011612                6           6           1  0.19070312523056934      -0.48644770806724508      -0.85264350425216873     
  0.10000000149011612                6           6           2 -0.14489079465040991       -5.1750714609140096E-002 -0.98809337674281372     
  0.10000000149011612                6           6           3 -0.31841190891269305      -0.17230526216742562      -0.93216133415412028     
  0.10000000149011612                6           6           4 -0.17503909809252835      -0.12065225539548086      -0.97714090458179981     
  0.10000000149011612                6           6           5  -6.2504847032072042E-002   4.2126858121125793E-002 -0.99715518948774462     
  0.10000000149011612                6           6           6  -1.0460564383516249E-002  0.11245461969852552      -0.99360179906300405     
