     #Temp                       Magnetization                    Susceptibility                    Energy                    Cv
   5.0000000000000000        7.9496891776892051E-002   4.9246589162583634E-002 -0.84362513828490582       0.19903260894536676     
   4.9000000953674316        7.9640411960032673E-002   5.0846278021690818E-002 -0.85999467142341124       0.20610944534225736     
   4.8000001907348633        8.0222869467745081E-002   5.2927485582193803E-002 -0.87544051373677068       0.21396971215080757     
   4.6999998092651367        8.0532557239278366E-002   5.3940401294305738E-002 -0.89170719304279367       0.22486732338285342     
   4.5999999046325684        8.0998429874930694E-002   5.6055478392616348E-002 -0.90684552572771271       0.23216203689065079     
   4.5000000000000000        8.1147939035033423E-002   5.7780812342200463E-002 -0.92445057338099867       0.24380914066719347     
   4.4000000953674316        8.1962062677748401E-002   6.0523388533784216E-002 -0.94409826620807902       0.25541360424656900     
   4.3000001907348633        8.2203055003949102E-002   6.2036320655297461E-002 -0.96144577730967840       0.26464683339053913     
   4.1999998092651367        8.2933454567583401E-002   6.5065558069158966E-002 -0.98044736472895266       0.27668966420632701     
   4.0999999046325684        8.3558142077841527E-002   6.7172334638937681E-002  -1.0008731341569335       0.28505436765045844     
   4.0000000000000000        8.3621289329609938E-002   6.9889925094418714E-002  -1.0243133785597887       0.30165620781284652     
   3.9000000953674316        8.4714392587147233E-002   7.3123810755832228E-002  -1.0440000920817394       0.31646180770680848     
   3.7999999523162842        8.5080401791511856E-002   7.5849401261207247E-002  -1.0689426851118313       0.33307941584934331     
   3.7000000476837158        8.5939167245875303E-002   8.0009981057221485E-002  -1.0920562373575540       0.34490533116604111     
   3.5999999046325684        8.6610473615701872E-002   8.4236735753301942E-002  -1.1168648058585278       0.36334952119444225     
   3.5000000000000000        8.7767080932742325E-002   8.8365573086867863E-002  -1.1423565922311547       0.38763191475029024     
   3.4000000953674316        8.8515717604623623E-002   9.3075144806949686E-002  -1.1711165946678104       0.40375643582292664     
   3.2999999523162842        8.8843939773904215E-002   9.6828476364165500E-002  -1.1998865544961903       0.42397062667614216     
   3.2000000476837158        9.0186448390128085E-002  0.10341339656236782       -1.2281833082497435       0.45171027292849408     
   3.0999999046325684        9.1179965147381276E-002  0.10969139156692326       -1.2594867863433530       0.47847692919212609     
   3.0000000000000000        9.1647265710528877E-002  0.11451615035004291       -1.2918648309803404       0.50671156111391369     
   2.9000000953674316        9.3524832092498816E-002  0.12446782524637556       -1.3281820910648432       0.53927021141405873     
   2.7999999523162842        9.4424675482527143E-002  0.13091760062472063       -1.3625052386301224       0.58121819416904474     
   2.7000000476837158        9.5871503327150290E-002  0.14168984212779218       -1.3984853892756550       0.62033513513901428     
   2.5999999046325684        9.7102193722102562E-002  0.15227807391614592       -1.4384154958857971       0.66029362874829678     
   2.5000000000000000        9.8621847744332705E-002  0.16309736072529887       -1.4833132706981289       0.71126205130127351     
   2.4000000953674316       0.10055919973407999       0.18295347617040350       -1.5249653589546648       0.76280850071525574     
   2.2999999523162842       0.10207140030177930       0.19127187681081476       -1.5709819169645320       0.80919830185179331     
   2.2000000476837158       0.10439962183691201       0.21670785084986163       -1.6225312836520367       0.89470402922872228     
   2.0999999046325684       0.10643434314139293       0.23965843253259930       -1.6733191848153957       0.97847101266868464     
   2.0000000000000000       0.10916384992901683       0.25570911600493801       -1.7276948680985338        1.0506426966967464     
   1.8999999761581421       0.11132247414008256       0.28699317898554438       -1.7863649340096985        1.1565522045510384     
   1.7999999523162842       0.11401103771880605       0.31984849219852551       -1.8496443049608884        1.2812938832031551     
   1.7000000476837158       0.11610730786086534       0.36332923474333151       -1.9124101971960525        1.4416665379384157     
   1.6000000238418579       0.12045074607113615       0.41390726411797285       -1.9863409681044597        1.5896636014031946     
   1.5000000000000000       0.12497422366229154       0.46819781280122913       -2.0578816956875183        1.7714863053424494     
   1.3999999761581421       0.12636881690031126       0.52992302635350452       -2.1326526273887318        2.0134827555353056     
   1.2999999523162842       0.13292250062350480       0.63219064704686145       -2.2143207360811643        2.2713732522966552     
   1.2000000476837158       0.13527441754707956       0.72910755015725703       -2.3067508700663906        2.6600180714679467     
   1.1000000238418579       0.13722214054418025       0.85741564302317930       -2.4001533276988751        3.0367345514783044     
   1.0000000000000000       0.14400164467735635        1.0286279780441838       -2.4952992271791965        3.5618747470453940     
  0.89999997615814209       0.14890573243253150        1.2288654719987979       -2.6089769122252213        4.4393961393166830     
  0.80000001192092896       0.15691531606098574        1.5175391641364873       -2.7282580387614450        5.4279803475310153     
  0.69999998807907104       0.16543823385091819        1.9125403898526423       -2.8482799862528330        6.5575299687504689     
  0.60000002384185791       0.17606496876343433        2.8035065539485302       -3.0028936506348489        8.2690926192943177     
  0.50000000000000000       0.19161854847050674        4.0134818814686577       -3.1758473667689184        10.708724167274625     
  0.40000000596046448       0.21404387518066065        10.200746831740519       -3.3895606786870349        16.375824592724268     
  0.30000001192092896       0.69327525515913735        16.336411236154948       -3.6377571884628024        19.258599230245533     
  0.20000000298023224       0.88559265499121742       0.85188909917433231       -3.8672406285862508        13.191123774101261     
  0.10000000149011612       0.94444344548718551       0.14156400706689892       -4.0500795777695311        13.069481613426749     
