     #Temp                       Magnetization                    Susceptibility                    Energy                    Cv
   5.0000000000000000        7.7818172404162972E-002   4.7090187244028803E-002 -0.80725037085016282       0.19199420710908835     
   4.9899997711181641        7.7826560488271759E-002   4.7324430019078233E-002 -0.81019803182206585       0.19297657288078757     
   4.9800000190734863        7.7783554272433469E-002   4.7240079478511207E-002 -0.81128821377034899       0.19206663389654519     
   4.9699997901916504        7.7564680238292563E-002   4.7132870849997545E-002 -0.81199755244361882       0.19477345463205073     
   4.9600000381469727        7.7873540648652997E-002   4.7728051199157309E-002 -0.81252727915436129       0.19439112640082812     
   4.9499998092651367        7.7997095496179947E-002   4.8340260018802539E-002 -0.81432512117991340       0.19638298133916160     
   4.9400000572204590        7.7841771200572007E-002   4.7914327980604896E-002 -0.81747250593395471       0.19844419893226040     
   4.9299998283386230        7.7836374706628492E-002   4.7850989774647967E-002 -0.81704658598179192       0.19621874473430545     
   4.9200000762939453        7.7743332414338590E-002   4.8418264969032454E-002 -0.81843539472409710       0.19804455682206940     
   4.9099998474121094        7.8112970176906799E-002   4.8695487253903845E-002 -0.82038890067252856       0.19723640683983459     
   4.9000000953674316        7.7733662716524529E-002   4.8408141781948522E-002 -0.82274316708501971       0.20055765032038070     
   4.8899998664855957        7.8318845214690250E-002   4.8856556167696678E-002 -0.82323645031715509       0.19890106536601285     
   4.8800001144409180        7.7824298387699622E-002   4.8727104014096127E-002 -0.82517961682118646       0.20116843542550944     
   4.8699998855590820        7.7986263528786889E-002   4.8950617900876299E-002 -0.82773222794947376       0.20114687974631265     
   4.8600001335144043        7.8225022427232074E-002   4.9459015387374836E-002 -0.82833588467640551       0.20189030111124173     
   4.8499999046325684        7.8443764555957307E-002   4.9226847807046337E-002 -0.83100776609550431       0.20262552836851860     
   4.8400001525878906        7.7911413863349724E-002   4.9382245710761809E-002 -0.83187341243116486       0.20351138989051662     
   4.8299999237060547        7.8088995519808774E-002   4.9251785083200030E-002 -0.83334217362134366       0.20389363987614895     
   4.8200001716613770        7.8541899293549947E-002   5.0095235261338064E-002 -0.83446124550086764       0.20494748606757759     
   4.8099999427795410        7.8518535230410830E-002   4.9878704598233709E-002 -0.83775270740239849       0.20572551076804679     
   4.8000001907348633        7.8299635558320882E-002   5.0221959081857739E-002 -0.83763907331482101       0.20588921285348993     
   4.7899999618530273        7.8295930372587405E-002   5.0384836025748829E-002 -0.83970323421703030       0.20751746688256309     
   4.7800002098083496        7.8330870399073466E-002   5.0662280441867560E-002 -0.84022503401906590       0.20770377934156878     
   4.7699999809265137        7.8363514590081063E-002   5.0139711676926164E-002 -0.84253864040214943       0.20848522670011044     
   4.7600002288818359        7.8346247114708098E-002   5.0615952613373510E-002 -0.84385885289843243       0.20988605657819115     
   4.7500000000000000        7.8092256363860760E-002   5.0146496106776607E-002 -0.84476114992107632       0.20942537718218282     
   4.7399997711181641        7.8402652400209993E-002   5.1207651741062239E-002 -0.84656658811459229       0.21183939504518307     
   4.7300000190734863        7.8532336744038006E-002   5.1109656581456803E-002 -0.84797713727711221       0.21075784021181757     
   4.7199997901916504        7.8463644461215468E-002   5.1087631385915093E-002 -0.84960779365929451       0.21351864612268923     
   4.7100000381469727        7.8577155363298956E-002   5.1067563796094201E-002 -0.85080511350645338       0.21490123278064602     
   4.6999998092651367        7.8575833532865486E-002   5.1698564004817371E-002 -0.85254956643787594       0.21661108024363007     
   4.6900000572204590        7.8921886882411391E-002   5.1830849814758821E-002 -0.85576835765501402       0.21665063055628592     
   4.6799998283386230        7.8780564310272028E-002   5.1701634045085196E-002 -0.85659613105083332       0.21682683740375250     
   4.6700000762939453        7.8740918278183247E-002   5.2190200682969652E-002 -0.85700987810743745       0.21718396903176748     
   4.6599998474121094        7.8851362619849319E-002   5.2580955743692551E-002 -0.85832962299517279       0.21881231201114149     
   4.6500000953674316        7.8917679366536791E-002   5.2736646801598876E-002 -0.86115174824574658       0.22168148916670380     
   4.6399998664855957        7.8874090813345302E-002   5.2248332370077283E-002 -0.86164873114911567       0.22032557974502984     
   4.6300001144409180        7.8716837729593078E-002   5.2984684417199994E-002 -0.86279553807566689       0.22202781266556162     
   4.6199998855590820        7.9017382924154708E-002   5.2913099726379767E-002 -0.86543429161208885       0.22043310933897131     
   4.6100001335144043        7.8646047245003306E-002   5.3290971353085637E-002 -0.86752881456336572       0.22268292517159854     
   4.5999999046325684        7.9611814379717136E-002   5.4000030235838756E-002 -0.86864085958839055       0.22391195047060641     
   4.5900001525878906        7.8825109837351304E-002   5.2811713726132574E-002 -0.87045817617398802       0.22525029801289645     
   4.5799999237060547        7.8939401591536146E-002   5.3330005607535431E-002 -0.87340124020782606       0.22557407742104957     
   4.5700001716613770        7.8936640334975161E-002   5.3739878829539983E-002 -0.87375607792635757       0.22549228860880727     
   4.5599999427795410        7.9565556633875226E-002   5.4323315403041729E-002 -0.87623379394791046       0.22747010078840782     
   4.5500001907348633        7.8971417009745623E-002   5.3803966196117596E-002 -0.87806135653347595       0.22770973917593715     
   4.5399999618530273        7.9266702146262621E-002   5.3932122106541941E-002 -0.87944047995348684       0.22977853664051862     
   4.5300002098083496        7.9644408108159412E-002   5.4981334349253674E-002 -0.88026515697915408       0.22988342630430014     
   4.5199999809265137        7.9683839286287486E-002   5.4483823735890280E-002 -0.88287324193318073       0.23084728108509178     
   4.5100002288818359        7.9262932542522702E-002   5.5252194773644341E-002 -0.88479979500016326       0.23227714315423750     
   4.5000000000000000        7.9278036539983582E-002   5.5037302854280559E-002 -0.88587770310928859       0.23210820921239042     
   4.4899997711181641        7.9408196803683537E-002   5.5057651905677893E-002 -0.88796794119688527       0.23465474031421202     
   4.4800000190734863        7.9620918682845362E-002   5.5049559341027579E-002 -0.88927661288620929       0.23748764205845332     
   4.4699997901916504        7.9411625455586818E-002   5.5533716481549332E-002 -0.89107254652650281       0.23553120451132212     
   4.4600000381469727        7.9369812943041129E-002   5.5358424112861779E-002 -0.89285564527617078       0.23612165637305482     
   4.4499998092651367        7.9536470963340183E-002   5.6066107022825384E-002 -0.89463403167465061       0.23812223256923604     
   4.4400000572204590        7.9841590549810257E-002   5.6503085227271495E-002 -0.89585372260330365       0.23830622433801013     
   4.4299998283386230        7.9627948492510786E-002   5.6336177562854091E-002 -0.89726606476508119       0.23995610029528872     
   4.4200000762939453        7.9833695754095685E-002   5.6808122292621180E-002 -0.89925325678003332       0.24202404689756959     
   4.4099998474121094        7.9900210127755181E-002   5.6963267977780237E-002 -0.90159696457327998       0.24232865179161234     
   4.4000000953674316        8.0016176724698504E-002   5.7263299575594992E-002 -0.90316232231926585       0.24228429227271669     
   4.3899998664855957        7.9821821685919891E-002   5.6805039293336801E-002 -0.90487664899577602       0.24542364887819385     
   4.3800001144409180        7.9802354644534598E-002   5.7431019521325892E-002 -0.90568610381783554       0.24422567907149131     
   4.3699998855590820        7.9707171399274954E-002   5.7587131994929937E-002 -0.90706954711614907       0.24589947385484021     
   4.3600001335144043        8.0130233390779071E-002   5.7907982094891342E-002 -0.91042622213524849       0.24959433435826470     
   4.3499999046325684        8.0185353235464343E-002   5.7607041584031814E-002 -0.91118958356513013       0.24774534058154435     
   4.3400001525878906        7.9974433402593831E-002   5.8175744306136590E-002 -0.91156647151268622       0.24900018316135886     
   4.3299999237060547        8.0262598569615637E-002   5.8598660615074440E-002 -0.91534761545959542       0.24985361437132431     
   4.3200001716613770        7.9912856048659442E-002   5.8424870496463006E-002 -0.91783774419688247       0.25208949970373146     
   4.3099999427795410        8.0535822534976390E-002   5.8885426186113289E-002 -0.91862855071667715       0.25418403757597180     
   4.3000001907348633        8.0007636130670495E-002   5.8756047552366270E-002 -0.92029384650929658       0.25333831299762410     
   4.2899999618530273        8.0074422834788370E-002   5.9338510506261787E-002 -0.92312101483712428       0.25474207131703097     
   4.2800002098083496        8.0143285560601366E-002   5.9456645640351954E-002 -0.92369685884360297       0.25508672381548375     
   4.2699999809265137        8.0513526411516462E-002   5.9703116922857659E-002 -0.92646483695971427       0.25848645747589810     
   4.2600002288818359        8.0259145652857092E-002   6.0323811873694601E-002 -0.92904092562794149       0.25951331789713522     
   4.2500000000000000        8.0202226530755136E-002   5.9655690167869237E-002 -0.93133572892995176       0.25998492834106485     
   4.2399997711181641        8.0643340341151379E-002   6.1009796890175744E-002 -0.93093301883079160       0.25848351004105818     
   4.2300000190734863        8.0760599374268854E-002   6.0340042639940986E-002 -0.93505734803816287       0.26190496565222354     
   4.2199997901916504        8.0637405946104093E-002   6.1044850214677412E-002 -0.93559198654675735       0.26143842620371660     
   4.2100000381469727        8.0843384001436258E-002   6.1440766685677994E-002 -0.93819137857180468       0.26276630221675634     
   4.1999998092651367        8.0445863018223568E-002   6.1237919037387276E-002 -0.93952088210854867       0.26767066302834869     
   4.1900000572204590        8.1023146776918450E-002   6.1394217150488574E-002 -0.94167649101848128       0.26897844624412681     
   4.1799998283386230        8.0715112953500812E-002   6.1483795141064480E-002 -0.94352971798391139       0.26671702905808919     
   4.1700000762939453        8.0566122556169337E-002   6.1919381672838600E-002 -0.94431226111787503       0.26548686212711986     
   4.1599998474121094        8.0959465203719258E-002   6.2435776023919969E-002 -0.94730745226826218       0.27130731181404977     
   4.1500000953674316        8.1032949328143145E-002   6.2176665294901248E-002 -0.94892017780785998       0.26964632946788591     
   4.1399998664855957        8.0947567447920712E-002   6.2917071402671540E-002 -0.95125366637211495       0.27227527069381974     
   4.1300001144409180        8.0944996793349891E-002   6.2951735524012523E-002 -0.95255032917831950       0.27531967883853936     
   4.1199998855590820        8.1151907974365195E-002   6.3083105188176780E-002 -0.95509666375618474       0.27427970083997960     
   4.1100001335144043        8.1409831994497736E-002   6.3540347080635801E-002 -0.95769849530231232       0.27700010484155485     
   4.0999999046325684        8.1240692267784603E-002   6.2957909949758348E-002 -0.95899908760241492       0.27857671306094550     
   4.0900001525878906        8.1108644869816809E-002   6.3577937654087258E-002 -0.96058635813485072       0.27749724885256860     
   4.0799999237060547        8.1429466594041100E-002   6.3786689789635601E-002 -0.96243593340781630       0.27936705924629945     
   4.0700001716613770        8.1421950972803761E-002   6.5035634508582602E-002 -0.96554206866313597       0.28110126833722704     
   4.0599999427795410        8.1295242089700473E-002   6.4815421176941862E-002 -0.96577249345615901       0.28084123956524532     
   4.0500001907348633        8.1404213327622169E-002   6.5268541986733195E-002 -0.96739996739964906       0.28491570755000967     
   4.0399999618530273        8.1581931846772537E-002   6.4866243689020345E-002 -0.97030785192624314       0.28599324380936081     
   4.0300002098083496        8.1425444336696073E-002   6.5277897305407326E-002 -0.97427910781281879       0.28682420552558052     
   4.0199999809265137        8.1704809390128946E-002   6.5690216901983220E-002 -0.97418155251975869       0.28669329401098381     
   4.0100002288818359        8.1480189233814504E-002   6.5843602766799500E-002 -0.97659253879573782       0.28821208276235288     
   4.0000000000000000        8.1357578053268736E-002   6.5164720558634648E-002 -0.97939140153748672       0.28865601175529459     
   3.9900000095367432        8.1808001211583423E-002   6.6691115788468272E-002 -0.98083523907272019       0.28997576271499936     
   3.9800000190734863        8.2083078995928954E-002   6.7577451769611413E-002 -0.98413839011343052       0.29259054785081029     
   3.9700000286102295        8.1594671593157142E-002   6.6703250408994635E-002 -0.98602936837895150       0.29180109066379772     
   3.9600000381469727        8.1883425914589414E-002   6.6710640685616482E-002 -0.98841425150025108       0.29340384775856071     
   3.9500000476837158        8.2078696621024558E-002   6.7700785577897937E-002 -0.98879027752124482       0.29619852726976070     
   3.9400000572204590        8.1814224870892488E-002   6.7121396644392831E-002 -0.99217163828143495       0.30069317344371405     
   3.9300000667572021        8.1832502243153304E-002   6.8141025558740562E-002 -0.99397012248078287       0.29789345877322254     
   3.9200000762939453        8.2057479553729898E-002   6.8697006266678268E-002 -0.99695041719558808       0.30091664383340039     
   3.9100000858306885        8.1897201269314185E-002   6.8549593230544395E-002 -0.99807295604810775       0.30721472969928570     
   3.9000000953674316        8.2312339527480946E-002   6.8338590690349407E-002 -0.99983033145391909       0.30783839308157029     
   3.8900001049041748        8.2012086594300870E-002   6.8493658407958458E-002  -1.0025179705251344       0.30510248389243871     
   3.8800001144409180        8.1779539272165108E-002   6.9312410819286005E-002  -1.0041667606335078       0.30359099127526318     
   3.8699998855590820        8.1976944194058030E-002   6.9698731520796656E-002  -1.0065807130439275       0.30647660790708636     
   3.8599998950958252        8.2163867971508223E-002   6.9316346237259560E-002  -1.0084907850374445       0.30976003876680219     
   3.8499999046325684        8.2219520217077194E-002   7.0365149790386008E-002  -1.0115579808361532       0.31238031760840995     
   3.8399999141693115        8.2358466826707333E-002   7.0061677021055480E-002  -1.0129801726611112       0.31564787473512695     
   3.8299999237060547        8.2677921463987128E-002   7.0710329403340155E-002  -1.0147970959640069       0.31097924753434908     
   3.8199999332427979        8.2712849913682343E-002   7.1625149498260293E-002  -1.0176512745612392       0.31789985575299146     
   3.8099999427795410        8.2526452441581424E-002   7.1094932402437944E-002  -1.0199261632253172       0.31912746130406922     
   3.7999999523162842        8.2394831119596834E-002   7.1667172250303945E-002  -1.0211805882290823       0.31789870783049734     
   3.7899999618530273        8.2935804219127621E-002   7.1956997485560725E-002  -1.0231686590603233       0.32000719195981914     
   3.7799999713897705        8.3230606292786086E-002   7.3181719113507848E-002  -1.0269944494000376       0.32423571622688502     
   3.7699999809265137        8.3071637702136852E-002   7.2400686161964906E-002  -1.0279929322404471       0.32394448644262430     
   3.7599999904632568        8.2829214491729766E-002   7.2870636398853592E-002  -1.0292184326775529       0.32488828797750474     
   3.7500000000000000        8.2957502933428434E-002   7.2922070277590650E-002  -1.0327154868383350       0.32966933212199934     
   3.7400000095367432        8.3153963675162146E-002   7.4096725549448753E-002  -1.0367240193839948       0.33004195046633755     
   3.7300000190734863        8.3275678696566005E-002   7.4163604083676726E-002  -1.0361952763260467       0.32933982977466841     
   3.7200000286102295        8.3006984666854147E-002   7.3525408742924611E-002  -1.0400982888626318       0.33390099844577692     
   3.7100000381469727        8.3282468722352843E-002   7.4398619213071684E-002  -1.0435531959121538       0.33070379787428933     
   3.7000000476837158        8.3169515256635726E-002   7.5000796953121535E-002  -1.0446520536582351       0.33496410881151645     
   3.6900000572204590        8.3513794350203133E-002   7.6075643921454092E-002  -1.0477146458821258       0.33994824386774225     
   3.6800000667572021        8.3334693717512093E-002   7.4934819009828055E-002  -1.0493393204267896       0.33766292372803741     
   3.6700000762939453        8.3289442488194601E-002   7.5053215828346065E-002  -1.0535827459358156       0.33476938479178558     
   3.6600000858306885        8.3676838788568061E-002   7.5837927660341628E-002  -1.0537215848962713       0.34276059106819268     
   3.6500000953674316        8.3700939848089462E-002   7.5836920397358398E-002  -1.0572856708716789       0.34491152785989998     
   3.6400001049041748        8.3551268649550772E-002   7.6933173864055460E-002  -1.0593375047347569       0.34302457722552226     
   3.6300001144409180        8.3937795308024629E-002   7.8273328871370049E-002  -1.0631324732852601       0.34287288255065168     
   3.6199998855590820        8.3434710837176448E-002   7.7008783530345210E-002  -1.0635222237104127       0.35116771284584869     
   3.6099998950958252        8.3881367933094267E-002   7.7191434919402876E-002  -1.0651346610678460       0.35072621523582703     
   3.5999999046325684        8.4037557570286678E-002   7.9135142124731314E-002  -1.0685562818349397       0.35116660706282837     
   3.5899999141693115        8.3784929575462713E-002   7.8442635611176301E-002  -1.0701247538997103       0.34984459663924411     
   3.5799999237060547        8.3931813223498269E-002   7.9061568547860256E-002  -1.0732405272916641       0.35616517041421153     
   3.5699999332427979        8.4086897521502502E-002   7.8476961040414225E-002  -1.0758479513102424       0.35510429315701081     
   3.5599999427795410        8.3973746447650113E-002   8.0194416508323124E-002  -1.0781320295979833       0.35956219863315875     
   3.5499999523162842        8.4433281897986628E-002   7.9600221579821800E-002  -1.0813074542972387       0.35875176208658327     
   3.5399999618530273        8.4147442907174699E-002   8.0686420365647285E-002  -1.0842059499886010       0.36361855069160998     
   3.5299999713897705        8.4409697893798499E-002   8.1155121525928395E-002  -1.0856713120248389       0.36657682727826085     
   3.5199999809265137        8.4493808785616215E-002   8.0111211591475204E-002  -1.0887893789797887       0.36729186000868741     
   3.5099999904632568        8.4411115887030430E-002   8.1502232574936037E-002  -1.0908629246423869       0.36728345000506063     
   3.5000000000000000        8.4452173145550827E-002   8.1439207400640728E-002  -1.0924326294125699       0.37372664143741374     
   3.4900000095367432        8.4737222479344218E-002   8.3489616291100022E-002  -1.0965332688645615       0.37509291783693172     
   3.4800000190734863        8.4824501323819454E-002   8.2051680942364313E-002  -1.0980521100182195       0.37500989552754244     
   3.4700000286102295        8.4694861238543404E-002   8.3342355131602944E-002  -1.1002569787671841       0.37910097352643757     
   3.4600000381469727        8.5039643098667170E-002   8.4365867515881321E-002  -1.1033351725559162       0.37744927649815180     
   3.4500000476837158        8.5144106224914709E-002   8.3528354933584695E-002  -1.1077979548085584       0.37763774944943229     
   3.4400000572204590        8.5141714196191792E-002   8.4349197962838657E-002  -1.1082119371698707       0.38170396288037278     
   3.4300000667572021        8.4991220998127517E-002   8.4936046252016895E-002  -1.1115648340718323       0.38388009057572120     
   3.4200000762939453        8.4918605380756684E-002   8.4784002704311467E-002  -1.1150871689396378       0.38497311344275131     
   3.4100000858306885        8.5025399025537185E-002   8.3811770915057385E-002  -1.1167560543276354       0.39183876503246079     
   3.4000000953674316        8.5669495331871542E-002   8.6297120105506442E-002  -1.1206340413890239       0.39202881927119965     
   3.3900001049041748        8.5288295406425171E-002   8.5908153654207911E-002  -1.1234493331006858       0.39337000230278557     
   3.3800001144409180        8.5082181803003018E-002   8.5955207979323128E-002  -1.1258664498281674       0.39201119625152320     
   3.3699998855590820        8.5693783946864208E-002   8.7495696202562492E-002  -1.1278776068440146       0.39684960110428080     
   3.3599998950958252        8.5536842827797568E-002   8.7392880035702475E-002  -1.1313717362323372       0.39892312553318388     
   3.3499999046325684        8.5421056488943395E-002   8.8201784188113308E-002  -1.1350032848235512       0.40380506107837555     
   3.3399999141693115        8.5450578000842214E-002   8.9353054659592729E-002  -1.1376216237679422       0.40282339125528899     
   3.3299999237060547        8.5653129696667427E-002   8.9415190399827177E-002  -1.1386964228271088       0.40421282398211450     
   3.3199999332427979        8.5759110857233936E-002   8.8802126881322968E-002  -1.1418756973070758       0.40850972420844067     
   3.3099999427795410        8.5981515477526083E-002   9.0526714296791669E-002  -1.1447200779634947       0.40991278962646532     
   3.2999999523162842        8.5488970161065422E-002   9.0212839888809571E-002  -1.1458608519631155       0.41003190083054120     
   3.2899999618530273        8.5945683538831849E-002   9.1733036808376092E-002  -1.1502427891970315       0.41453663461596951     
   3.2799999713897705        8.5914378002455299E-002   9.0581649943492687E-002  -1.1510045078442477       0.42008459576904322     
   3.2699999809265137        8.5882355293440918E-002   9.0974350995790002E-002  -1.1568615055180733       0.41952897069586403     
   3.2599999904632568        8.6141251649558506E-002   9.2571275601137926E-002  -1.1580735330298151       0.42465782249682676     
   3.2500000000000000        8.6412814642272920E-002   9.3597401849092016E-002  -1.1610136046354744       0.41881330205062811     
   3.2400000095367432        8.6569795232783089E-002   9.2271246956141403E-002  -1.1631515936192469       0.42678726615428836     
   3.2300000190734863        8.5927080177201964E-002   9.2630218696512556E-002  -1.1657032125070117       0.42636298105692227     
   3.2200000286102295        8.6647903163874107E-002   9.5358262947952827E-002  -1.1694771394288019       0.43195248304746076     
   3.2100000381469727        8.6590776251430204E-002   9.4442696622248329E-002  -1.1714801377283062       0.43561816401654152     
   3.2000000476837158        8.7121830198673311E-002   9.7432358857593215E-002  -1.1758438028620446       0.43979291974756679     
   3.1900000572204590        8.6496107136656980E-002   9.4485301699466978E-002  -1.1767823905547370       0.43565101106437515     
   3.1800000667572021        8.6474743062341888E-002   9.5726711406636453E-002  -1.1787507842458935       0.43912942759647505     
   3.1700000762939453        8.7304780866760717E-002   9.8331960104212218E-002  -1.1825376230939852       0.44039221096961106     
   3.1600000858306885        8.6927702130508766E-002   9.8211409902860758E-002  -1.1870515880328270       0.45089803354209740     
   3.1500000953674316        8.7771444566981591E-002   9.9184152460055450E-002  -1.1894883101061868       0.44596363974625036     
   3.1400001049041748        8.7348074036403225E-002   9.8662054776925717E-002  -1.1928994604667931       0.45287124191801020     
   3.1300001144409180        8.6826748079789490E-002   9.7908381687724269E-002  -1.1967554826041886       0.45354854200490807     
   3.1199998855590820        8.7111178740849296E-002   9.9187451011464922E-002  -1.1993610931132441       0.45731156322209487     
   3.1099998950958252        8.8137731420774287E-002  0.10236057776646115       -1.2023634473896863       0.46429943053941364     
   3.0999999046325684        8.7291874351229037E-002   9.9182306102364656E-002  -1.2062809230707938       0.46081586202277891     
   3.0899999141693115        8.7456541045054098E-002  0.10033584380824724       -1.2095662560043052       0.46506769424855637     
   3.0799999237060547        8.7569615823327257E-002  0.10020884359203552       -1.2117020525528430       0.46241844490498057     
   3.0699999332427979        8.7848929064926598E-002  0.10204510631360408       -1.2142505104384742       0.47164415182779224     
   3.0599999427795410        8.7618591855146200E-002  0.10124618134593713       -1.2176816147445182       0.47518504516111604     
   3.0499999523162842        8.7270728486442059E-002  0.10242644889901693       -1.2212880455016830       0.47389486795446212     
   3.0399999618530273        8.7425411308213546E-002  0.10203950833545070       -1.2246010703622194       0.48290294755392255     
   3.0299999713897705        8.8105992502525696E-002  0.10364508790949555       -1.2258903991236856       0.48324544850541629     
   3.0199999809265137        8.7892283187662526E-002  0.10392863093801552       -1.2294156550268844       0.48312501828144822     
   3.0099999904632568        8.8192249384411739E-002  0.10588431195768574       -1.2329957089344954       0.48442754839603103     
   3.0000000000000000        8.8151945915754010E-002  0.10651799126021894       -1.2369150047786606       0.49204014256624617     
   2.9900000095367432        8.8122279987429580E-002  0.10532615846198234       -1.2387913938907624       0.49117819700105292     
   2.9800000190734863        8.8489960297932144E-002  0.10714795495268320       -1.2430740004020218       0.49316124346916074     
   2.9700000286102295        8.8846121308837664E-002  0.10815347753537827       -1.2464088393981638       0.50600004593324377     
   2.9600000381469727        8.8747178928329146E-002  0.10842811850169608       -1.2499986533957468       0.49900312295161370     
   2.9500000476837158        8.8355197106710318E-002  0.10838353606840263       -1.2531745184999135       0.50695496098915871     
   2.9400000572204590        8.8866412070189638E-002  0.10956845693032088       -1.2561080008454071       0.50928147204346608     
   2.9300000667572021        8.9084349510020241E-002  0.11116754820876228       -1.2579552745337883       0.51538119063919563     
   2.9200000762939453        8.8874712297307909E-002  0.11034882723622004       -1.2617130432551888       0.51574079479173018     
   2.9100000858306885        8.9479807393824079E-002  0.11239578204855592       -1.2663621838373840       0.52127157156064330     
   2.9000000953674316        8.8979580350287468E-002  0.11050464630819369       -1.2685191257476376       0.52222648932781568     
   2.8900001049041748        8.9000242479002178E-002  0.11297566362597275       -1.2729717004242780       0.52402658147920722     
   2.8800001144409180        8.9838324964463298E-002  0.11528836110107980       -1.2759296724584308       0.52527788829832911     
   2.8699998855590820        8.9415829319891088E-002  0.11431269362920275       -1.2811613069010079       0.52907375854116079     
   2.8599998950958252        9.0016428994333014E-002  0.11708163201356316       -1.2830127100352315       0.53798847761132129     
   2.8499999046325684        8.9324347301520196E-002  0.11500875928724059       -1.2859539664033943       0.54322242134249654     
   2.8399999141693115        8.9450285997558512E-002  0.11558417113716996       -1.2904214313926849       0.54265657055902417     
   2.8299999237060547        8.9842740007041122E-002  0.11625932124435365       -1.2936877316190789       0.54908028647050944     
   2.8199999332427979        9.0576941304641806E-002  0.11959855939791543       -1.2964469695697871       0.55003139554597602     
   2.8099999427795410        9.0194734864655415E-002  0.11962216240527826       -1.3012537373832793       0.55092911329654415     
   2.7999999523162842        9.0205516213002906E-002  0.11852578219414683       -1.3060871736949398       0.55830730436332643     
   2.7899999618530273        9.0485281707356119E-002  0.12072622999643214       -1.3082097027753923       0.56050330114617997     
   2.7799999713897705        9.0629148820044053E-002  0.12092579840439713       -1.3115730639653815       0.56284378108904642     
   2.7699999809265137        9.0720139425069832E-002  0.11991977184024162       -1.3160351625655784       0.56654204594357405     
   2.7599999904632568        9.0895266283066933E-002  0.12276572436639302       -1.3194063672251173       0.56927149345109707     
   2.7500000000000000        9.0619261346627358E-002  0.12128176418226885       -1.3224331866473393       0.58265067488896127     
   2.7400000095367432        9.0799366836112783E-002  0.12402213316339007       -1.3251780781648421       0.58055333810663090     
   2.7300000190734863        9.1092528984397070E-002  0.12302810905715733       -1.3282006081426976       0.58306874169433853     
   2.7200000286102295        9.1070101690004318E-002  0.12683189166561681       -1.3345709130602950       0.58319398324537641     
   2.7100000381469727        9.0919634970779442E-002  0.12555989622092492       -1.3363383029792792       0.58784342099230191     
   2.7000000476837158        9.1119565363259575E-002  0.12519557455266730       -1.3382543601104619       0.59227684806465974     
   2.6900000572204590        9.1293916299674843E-002  0.12922071537568003       -1.3437062695668611       0.60329949153422846     
   2.6800000667572021        9.1802340518580314E-002  0.12970373187681680       -1.3490584699002199       0.59814555898694699     
   2.6700000762939453        9.1520675687943601E-002  0.13060772572177987       -1.3513813997779793       0.59140985156677350     
   2.6600000858306885        9.1810355916265046E-002  0.13110024863723702       -1.3560065108546064       0.60945389396887151     
   2.6500000953674316        9.2401729793472623E-002  0.13269598324437468       -1.3575709737548167       0.61510408374825754     
   2.6400001049041748        9.2104334410531841E-002  0.13199123389888123       -1.3627572393946137       0.61427297693112226     
   2.6300001144409180        9.2137287407457510E-002  0.13344979209319105       -1.3661756225924522       0.62549574403657349     
   2.6199998855590820        9.2766565473971774E-002  0.13436215748664979       -1.3701622047699156       0.62732597881966068     
   2.6099998950958252        9.2180116111908295E-002  0.13528291955756017       -1.3731103335624106       0.62625723242798681     
   2.5999999046325684        9.2454770812341200E-002  0.13693820674316040       -1.3770843494241796       0.63402867427016629     
   2.5899999141693115        9.3004355642375872E-002  0.14100855843739657       -1.3813297266693605       0.63539608260122837     
   2.5799999237060547        9.2898134994866099E-002  0.13929053991334314       -1.3878988072308605       0.64938348217390141     
   2.5699999332427979        9.2890225634859366E-002  0.13882265695090448       -1.3891528561274573       0.65449573190040666     
   2.5599999427795410        9.2352189566060006E-002  0.13780477327565147       -1.3935787864863203       0.65310934460571723     
   2.5499999523162842        9.2937541330136861E-002  0.14017533067764121       -1.4003622703787160       0.65757158375493197     
   2.5399999618530273        9.2184478377808299E-002  0.14067634572376120       -1.4017729129468781       0.66321961551484965     
   2.5299999713897705        9.3078486028306609E-002  0.14182194788083605       -1.4049500158436459       0.65896709317777036     
   2.5199999809265137        9.3375688600704637E-002  0.14220164558642037       -1.4113673322287175       0.67363330140347510     
   2.5099999904632568        9.2690482963451906E-002  0.14202158792371650       -1.4159096372406674       0.67221077576351418     
   2.5000000000000000        9.4131726848667344E-002  0.14710991683865787       -1.4188540118589588       0.68144070733734963     
   2.4900000095367432        9.3994543263690958E-002  0.14683534688931424       -1.4233199808896699       0.68989043577465514     
   2.4800000190734863        9.3845120205498678E-002  0.14804411127628789       -1.4278015873811283       0.69822050454173135     
   2.4700000286102295        9.4054947075955408E-002  0.14852599155597673       -1.4326303051285263       0.69334337334381890     
   2.4600000381469727        9.4221456414824337E-002  0.15015489053548123       -1.4355982895730826       0.70377422034631587     
   2.4500000476837158        9.4625728294313358E-002  0.15085925356331353       -1.4393439775358359       0.71108253137529620     
   2.4400000572204590        9.4039445373961694E-002  0.15389579542546059       -1.4445741635196103       0.70804889330325271     
   2.4300000667572021        9.4538388533702916E-002  0.15617527350144725       -1.4484139304072201       0.71666061426828298     
   2.4200000762939453        9.4624094058394184E-002  0.15656183252334024       -1.4514501281479457       0.71569384700744054     
   2.4100000858306885        9.4682528121844134E-002  0.15477483732121095       -1.4546218290036212       0.72550862165345142     
   2.4000000953674316        9.4594004152918409E-002  0.15513242543590627       -1.4612653021167095       0.72868052792685045     
   2.3900001049041748        9.5052646741973890E-002  0.16056632318799077       -1.4656046510090310       0.74018394323265235     
   2.3800001144409180        9.5009658008762585E-002  0.16004834412226548       -1.4694352916696389       0.74334147640505033     
   2.3699998855590820        9.5430914441960085E-002  0.16227933793926780       -1.4735162580581640       0.74724891959385598     
   2.3599998950958252        9.5051556004609392E-002  0.16266898959811638       -1.4782715168683072       0.75737162358891663     
   2.3499999046325684        9.5684298469423140E-002  0.16205041369132975       -1.4820626782970518       0.76632635101537872     
   2.3399999141693115        9.6257030553288006E-002  0.16649010911609624       -1.4874460160762948       0.77273084485390175     
   2.3299999237060547        9.6410330672090150E-002  0.16781090126418072       -1.4922492372666429       0.77328244597270102     
   2.3199999332427979        9.5910074130739736E-002  0.16803277345500467       -1.4958636334618607       0.77352361075949694     
   2.3099999427795410        9.6425794927466488E-002  0.16855326673433230       -1.4991878402567136       0.77702559682829886     
   2.2999999523162842        9.6959825417513565E-002  0.17205789968463908       -1.5033989295216041       0.79872957218141893     
   2.2899999618530273        9.6197462940265863E-002  0.17224926657989040       -1.5118854743003751       0.79687667836793175     
   2.2799999713897705        9.6846683110850665E-002  0.17123207623635536       -1.5145418276251026       0.80649524523668092     
   2.2699999809265137        9.6430131813262362E-002  0.16912426748208786       -1.5211654526921665       0.80581031589255814     
   2.2599999904632568        9.7257638272867278E-002  0.17886529564223611       -1.5260102129547901       0.81837567126753619     
   2.2500000000000000        9.7564537636304988E-002  0.17709471110737862       -1.5295666049066794       0.82277707217878060     
   2.2400000095367432        9.6831559495359071E-002  0.17432429405379526       -1.5333712162752120       0.82776630686504205     
   2.2300000190734863        9.6872261635892951E-002  0.18010061066426500       -1.5391491785651119       0.84254327001695839     
   2.2200000286102295        9.7130303481636426E-002  0.18006386426364313       -1.5424089295700145       0.84672455266811475     
   2.2100000381469727        9.7278952092119800E-002  0.17967129939062995       -1.5483264733145887       0.85743470941599476     
   2.2000000476837158        9.7466839821618703E-002  0.18462503571877714       -1.5535459604047857       0.86054919751311465     
   2.1900000572204590        9.7893056235863946E-002  0.18717736795269099       -1.5578924951944888       0.86393436444254934     
   2.1800000667572021        9.8261347651436681E-002  0.18793061903246294       -1.5630323302300440       0.86064014725536109     
   2.1700000762939453        9.7154754215406897E-002  0.18661213106474558       -1.5658117579499764       0.86693148219779781     
   2.1600000858306885        9.8373866404146901E-002  0.19066405030802611       -1.5706877970120487       0.88379566412885902     
   2.1500000953674316        9.7934089288517184E-002  0.19311073478583410       -1.5775036799885505       0.89194089998774539     
   2.1400001049041748        9.8172754236143189E-002  0.19563579872085854       -1.5830128401934078       0.89993306773114534     
   2.1300001144409180        9.8394466794356400E-002  0.19785756656553891       -1.5849577547560572       0.90554570303912540     
   2.1199998855590820        9.8808072028072583E-002  0.19869235936319982       -1.5906231522017071       0.92526837501589099     
   2.1099998950958252        9.9013301136917531E-002  0.19844457236420493       -1.5967695090405434       0.91427511771926373     
   2.0999999046325684        9.9346109055402490E-002  0.19835749378637368       -1.6006330628246273       0.92779637598835252     
   2.0899999141693115       0.10010088961083928       0.20939421992991952       -1.6076205583544227       0.93499727950898259     
   2.0799999237060547        9.9037738543652595E-002  0.20210433620020851       -1.6124697571386017       0.94586471439648889     
   2.0699999332427979        9.9544023022752282E-002  0.20631926384857330       -1.6159922158673121       0.96099749432712100     
   2.0599999427795410        9.9583253750907388E-002  0.20944856491029895       -1.6243175129921443       0.95818760196560226     
   2.0499999523162842       0.10048153160784881       0.21269849206378774       -1.6270535611017010       0.97931672794987790     
   2.0399999618530273       0.10085083330362815       0.21516249555549025       -1.6331844582184303       0.98354164496490570     
   2.0299999713897705       0.10049286953011981       0.21422433742936264       -1.6395180324010468       0.98675823045316691     
   2.0199999809265137       0.10096012586938181       0.22348117692010860       -1.6449624662819569       0.99830807572997471     
   2.0099999904632568       0.10083047437629415       0.21899954715883224       -1.6495354943462206        1.0172448672600820     
   2.0000000000000000       0.10090470468056530       0.22024032540391131       -1.6577506825439707        1.0058907548375515     
   1.9900000095367432       0.10194748723281660       0.22513690742637979       -1.6602902394105952        1.0205069602127099     
   1.9800000190734863       0.10098272563806834       0.22518426916016315       -1.6664172704938505        1.0394096017661669     
   1.9700000286102295       0.10182059276900730       0.22973558639232039       -1.6735311546256801        1.0430368298751518     
   1.9600000381469727       0.10100284327425028       0.22331542703778656       -1.6773365486989453        1.0556281306608994     
   1.9500000476837158       0.10309338265330438       0.23449051935755952       -1.6827744703337129        1.0623645033049163     
   1.9400000572204590       0.10188565208364993       0.23034985970496222       -1.6873639591111487        1.0760070641635828     
   1.9299999475479126       0.10342933307498210       0.24198664399504177       -1.6953673787698673        1.1011817170880192     
   1.9199999570846558       0.10168173349127796       0.23618963541023610       -1.7005548466046534        1.1012927169209410     
   1.9099999666213989       0.10202202822343652       0.24129101258382948       -1.7042633773684328        1.0983252797640997     
   1.8999999761581421       0.10241401434986747       0.23930815243893686       -1.7098517088619005        1.1167083200705161     
   1.8899999856948853       0.10275873006067847       0.24547170352319747       -1.7195546682965921        1.1281365012487254     
   1.8799999952316284       0.10321357590033725       0.24671329168556827       -1.7210627883252729        1.1336449424562975     
   1.8700000047683716       0.10321218043336086       0.24851345757921922       -1.7289643033206921        1.1443779803805922     
   1.8600000143051147       0.10347326663102245       0.25129080760669864       -1.7334049370739624        1.1539579791885473     
   1.8500000238418579       0.10318253509221324       0.24938191229995646       -1.7430949847574098        1.1585334881890808     
   1.8400000333786011       0.10415087410960386       0.26223519648543209       -1.7441375213102575        1.1880830562100932     
   1.8300000429153442       0.10397369744673614       0.26045361605305645       -1.7505607430818797        1.1995631966609135     
   1.8200000524520874       0.10455838238915637       0.26243337404711237       -1.7580901922724566        1.1962664280228974     
   1.8099999427795410       0.10309331713700458       0.25741870192711280       -1.7628678984771380        1.2218040057638233     
   1.7999999523162842       0.10368787010214452       0.26227352761500228       -1.7697763088705762        1.2314368425807143     
   1.7899999618530273       0.10403563214209498       0.26225487840649819       -1.7745597293955933        1.2324820715826823     
   1.7799999713897705       0.10444199350705570       0.26954917342170492       -1.7823086034728199        1.2440143352252986     
   1.7699999809265137       0.10461591804251696       0.27447863256825095       -1.7871580579625836        1.2777337924336520     
   1.7599999904632568       0.10558638966638527       0.27792237492187044       -1.7953999708826112        1.2799210011361051     
   1.7500000000000000       0.10621714778437762       0.28725348439455367       -1.7984717164827295        1.2856038637071865     
   1.7400000095367432       0.10684396562546121       0.28959243664472550       -1.8064663789973652        1.2955296601245869     
   1.7300000190734863       0.10659580201821227       0.29307552522857211       -1.8131697346142528        1.3103719953760427     
   1.7200000286102295       0.10751101022887770       0.29276807349063849       -1.8186401624101032        1.3268524336826113     
   1.7100000381469727       0.10631809439624963       0.29148110552478540       -1.8252896746116922        1.3441350161267414     
   1.7000000476837158       0.10644320052674279       0.29430252245022226       -1.8292223759550152        1.3651292928232366     
   1.6900000572204590       0.10740950297412034       0.30540568373511123       -1.8396260688729544        1.3798161584059410     
   1.6799999475479126       0.10701025861613980       0.30969614714427557       -1.8463073414190452        1.3825008279932169     
   1.6699999570846558       0.10689969929807949       0.31708754464676497       -1.8509699232080745        1.3854084366615280     
   1.6599999666213989       0.10666621155502984       0.30550971192916154       -1.8583484671068546        1.4206847006183165     
   1.6499999761581421       0.10791688785103397       0.31529119861918525       -1.8652988430518307        1.4462999644691985     
   1.6399999856948853       0.10838320460152878       0.32463763204370599       -1.8702328750011872        1.4407188680223362     
   1.6299999952316284       0.10817465889336579       0.32325821891378703       -1.8803288363278483        1.4700543561300372     
   1.6200000047683716       0.10840609320415813       0.32363428225825647       -1.8833375993671093        1.4781701168083752     
   1.6100000143051147       0.11009748341586176       0.33793347386656680       -1.8937687053802237        1.4926728488803829     
   1.6000000238418579       0.10813921652058375       0.32706768569527905       -1.8981852053624437        1.5159688511928859     
   1.5900000333786011       0.10930154433338261       0.33891521064079849       -1.9044624057326038        1.5236830915733497     
   1.5800000429153442       0.10830048375073191       0.34464420272811630       -1.9115634287007404        1.5267172142025129     
   1.5700000524520874       0.10902857021447739       0.33368152026856551       -1.9178000592495001        1.5823841985279725     
   1.5599999427795410       0.10953139208874606       0.34634500696269871       -1.9255383786013796        1.5843025494486964     
   1.5499999523162842       0.10947089874934214       0.35023344862706773       -1.9300716798870676        1.5836968308412149     
   1.5399999618530273       0.11036031160164089       0.35427274511297696       -1.9400019778372855        1.6531359285953464     
   1.5299999713897705       0.11024199881485340       0.35503020373627148       -1.9420444835859794        1.6384477086039166     
   1.5199999809265137       0.10990274538749403       0.35871123315760889       -1.9518667702180703        1.6457355365461181     
   1.5099999904632568       0.11144132449954613       0.36603940537259982       -1.9603898863055496        1.6711939007617762     
   1.5000000000000000       0.11014196701580044       0.36294866114670471       -1.9674707643466394        1.7223577646257269     
   1.4900000095367432       0.11091450181145297       0.38401545855105362       -1.9733779612477060        1.7165719318677464     
   1.4800000190734863       0.11144114967074795       0.38062648913242036       -1.9801790160832411        1.7402432864126289     
   1.4700000286102295       0.11108352760216833       0.39541719206502163       -1.9881418999789504        1.7505558884009427     
   1.4600000381469727       0.11231391162636487       0.39011125691440274       -1.9960319029568196        1.7606591272053038     
   1.4500000476837158       0.11267736442717141       0.40508436550144716       -2.0014197545112875        1.7974053914581547     
   1.4400000572204590       0.11264256991294094       0.40362605989594452       -2.0111755277974281        1.7980222826699153     
   1.4299999475479126       0.11203354454663465       0.39837749657416061       -2.0172720128653614        1.8412531652895139     
   1.4199999570846558       0.11256909799798301       0.40692799053660944       -2.0281284227769145        1.8507805532730488     
   1.4099999666213989       0.11284659484185361       0.40960137858102325       -2.0317193332251526        1.8955554444526230     
   1.3999999761581421       0.11383011273974150       0.41986751903449304       -2.0433245398053148        1.9123867981160647     
   1.3899999856948853       0.11297949543756118       0.42826277398295970       -2.0483912940092730        1.9288249762391301     
   1.3799999952316284       0.11341862823518868       0.41929985539761677       -2.0602685649913650        1.9447772884365360     
   1.3700000047683716       0.11455851160737898       0.44252323174151592       -2.0630336016492823        1.9847367077876883     
   1.3600000143051147       0.11473735219169891       0.44209884445299802       -2.0729205360767518        1.9981194341454653     
   1.3500000238418579       0.11478333470090631       0.44083450370202509       -2.0814702795320446        2.0553679665528866     
   1.3400000333786011       0.11410231610418693       0.43811703721400697       -2.0866073644677909        2.0198129709969388     
   1.3300000429153442       0.11493099635834383       0.44778330620396889       -2.0959478354807639        2.0905447652844042     
   1.3200000524520874       0.11422224015188993       0.44683534763530613       -2.1055331985294381        2.1023935675920322     
   1.3099999427795410       0.11500119300164086       0.46383479615108558       -2.1109655386050372        2.1484104829992554     
   1.2999999523162842       0.11594742492473684       0.47818780961949670       -2.1183309686778813        2.2066526091125027     
   1.2899999618530273       0.11604164789602431       0.47716007875435529       -2.1284391843179047        2.2293620634841851     
   1.2799999713897705       0.11582224693687779       0.47554701239030922       -2.1362709086287666        2.2092785303524125     
   1.2699999809265137       0.11710054762208738       0.48736303085069749       -2.1454095091193581        2.2703646635933059     
   1.2599999904632568       0.11658708096075368       0.50382064574876073       -2.1519998575029553        2.3013482344043075     
   1.2500000000000000       0.11559677433324597       0.49631541321664596       -2.1624706139024878        2.2846533954394999     
   1.2400000095367432       0.11688032401763143       0.51393737022823027       -2.1688263445341009        2.3832107858622544     
   1.2300000190734863       0.11581491508166755       0.49966323952674890       -2.1790826023984917        2.4025919604435173     
   1.2200000286102295       0.11781645059513246       0.53145456643416900       -2.1849414042281556        2.4510667259406893     
   1.2100000381469727       0.11644449672471933       0.52155575444683488       -2.1965162689936255        2.4526294710216319     
   1.2000000476837158       0.11684323954940565       0.52851079217398089       -2.2035945781254491        2.5091012574491116     
   1.1900000572204590       0.11907589452390635       0.55040985134371223       -2.2126978237965846        2.5656230607320238     
   1.1799999475479126       0.11899934026475401       0.55533845128386261       -2.2211419784814783        2.6087060232578603     
   1.1699999570846558       0.11841756168864249       0.56610769502819813       -2.2283849725908813        2.6139656707410177     
   1.1599999666213989       0.11825384484404683       0.59056148410411158       -2.2393540254903619        2.5885321562888333     
   1.1499999761581421       0.11976056480668792       0.58289852827138278       -2.2485168390804633        2.7006927546338377     
   1.1399999856948853       0.11867240686852834       0.56600712005361276       -2.2544790625663156        2.7167871645885988     
   1.1299999952316284       0.12093632343276318       0.60911438820299102       -2.2675989940088845        2.7537028405650967     
   1.1200000047683716       0.12064338883701978       0.61675641172639561       -2.2720297349470910        2.7849539169559137     
   1.1100000143051147       0.11934035329514822       0.60787083149552545       -2.2858361628749688        2.8678413936527658     
   1.1000000238418579       0.11990141787669169       0.62039006798202201       -2.2949992115552189        2.9807514136335875     
   1.0900000333786011       0.12146283787463583       0.62472605753332067       -2.3018586525620801        2.9809423512516804     
   1.0800000429153442       0.12099390783829586       0.64034088921996957       -2.3130814106611557        2.9845186162098218     
   1.0700000524520874       0.12082009414542819       0.64975792695072654       -2.3205435856506509        3.0622314752432866     
   1.0599999427795410       0.12090587969095072       0.64919726610874873       -2.3324838757831654        3.0888825139671492     
   1.0499999523162842       0.12103468568848140       0.67326413881517788       -2.3387471086942213        3.1268775864795009     
   1.0399999618530273       0.12166033902910535       0.67377175729096161       -2.3511646054623045        3.1973409917353597     
   1.0299999713897705       0.12218567254418179       0.67857517198854067       -2.3605483226506463        3.3232007638913124     
   1.0199999809265137       0.12245705622267944       0.70779259743475886       -2.3683725651889884        3.3334815171706937     
   1.0099999904632568       0.12223179173181803       0.71820434493769869       -2.3806337413222711        3.3209196877969589     
   1.0000000000000000       0.12238710948578881       0.69733831904839372       -2.3910115757046349        3.4867963180257036     
  0.99000000953674316       0.12121136252893326       0.68869616540306067       -2.3966543880771174        3.4662865403155343     
  0.98000001907348633       0.12285141919171970       0.73118913250671713       -2.4060153962903184        3.5117646898882278     
  0.97000002861022949       0.12199485238230028       0.73232721091637432       -2.4163454606165788        3.5432302853463100     
  0.95999997854232788       0.12322691257850085       0.73908606054229087       -2.4300503099930788        3.6123421522437282     
  0.94999998807907104       0.12430867611742157       0.75779332326381177       -2.4381435570067622        3.7859969892781171     
  0.93999999761581421       0.12367457537466783       0.76436635224150584       -2.4451452647702339        3.8155415743116365     
  0.93000000715255737       0.12209173545490302       0.79516174460369449       -2.4575223366443759        3.8966072763402044     
  0.92000001668930054       0.12520417043903145       0.81792405228716414       -2.4696490974016707        3.9522139792972908     
  0.91000002622604370       0.12444336985207551       0.81946071712965962       -2.4796302777230026        4.1051025031239323     
  0.89999997615814209       0.12339927138070804       0.81254715951036016       -2.4924672049256706        4.2374964039327496     
  0.88999998569488525       0.12405759433908990       0.81834081773824818       -2.5025784236953359        4.0921073058946682     
  0.87999999523162842       0.12457365206997222       0.86767712212749482       -2.5137208153957067        4.2432481532873068     
  0.87000000476837158       0.12306941817941887       0.86755007776106141       -2.5190451785765022        4.3489422660618953     
  0.86000001430511475       0.12569510636065209       0.85304388986387081       -2.5336375995098837        4.4517149279775277     
  0.85000002384185791       0.12696414219224025       0.90777132284275874       -2.5448020524570101        4.5393382385333725     
  0.83999997377395630       0.12548361869069724       0.95061114416156944       -2.5564914055636332        4.7473902804763739     
  0.82999998331069946       0.12605419034974244       0.92273960177793057       -2.5688408021149312        4.7860357906891311     
  0.81999999284744263       0.12587000731008177       0.97095064787790475       -2.5799387505113573        4.7133206928473124     
  0.81000000238418579       0.12600227309066134       0.95649028635499034       -2.5896298186074644        4.9812475673089240     
  0.80000001192092896       0.12504690278277222       0.92332796296459629       -2.6028088437902754        4.9183508977770494     
  0.79000002145767212       0.12678138243051396       0.96922836621210240       -2.6150913102319095        5.1934984848335999     
  0.77999997138977051       0.12706525696530241       0.99656165768263227       -2.6263041698432312        5.0266103602340344     
  0.76999998092651367       0.12519016411048900       0.97788296168056954       -2.6380672091379265        5.3106928942757001     
  0.75999999046325684       0.12579910389905233       0.97214377697573795       -2.6489091286861832        5.3422915429486553     
  0.75000000000000000       0.12486127210888052        1.0209835591738032       -2.6557324557124233        5.5577045660394333     
  0.74000000953674316       0.12721479413030409        1.0435619321076732       -2.6736520392435339        5.7297266498816910     
  0.73000001907348633       0.12777181447759392        1.1383667900068275       -2.6827373376374277        5.8966331327340766     
  0.72000002861022949       0.12906147809873972        1.1270220048370396       -2.6947668497896777        5.8662951255116189     
  0.70999997854232788       0.12913714177956001        1.1560143832402343       -2.7091104512286668        5.9779842968060253     
  0.69999998807907104       0.12570986329915126        1.1463761041724609       -2.7244264306398107        6.1081666459075947     
  0.68999999761581421       0.12493874168701685        1.1173281601535254       -2.7360701277242647        6.2426143073090206     
  0.68000000715255737       0.12451908114154445        1.1155197722475789       -2.7440643469252932        6.4071959348964853     
  0.67000001668930054       0.12665855543386975        1.2071111355900592       -2.7612136728151659        6.8307018233815642     
  0.66000002622604370       0.12196824236080286        1.0709971785263535       -2.7702128459665754        7.0895801116850876     
  0.64999997615814209       0.12689954965168271        1.2193192353056874       -2.7829705188689666        7.2619993143357773     
  0.63999998569488525       0.13040108252114818        1.2918568367775571       -2.7998817667567857        7.4854154884565940     
  0.62999999523162842       0.12882030460739907        1.3279513236499692       -2.8150540041130734        7.2880441274347598     
  0.62000000476837158       0.12741508670130530        1.2392506712540752       -2.8296765064730693        7.8728144770512563     
  0.61000001430511475       0.12811360627622184        1.3302680182119295       -2.8417447981244583        7.7816179400959529     
  0.60000002384185791       0.12642588862226053        1.2501039726425893       -2.8547109593823650        7.9770836225618655     
  0.58999997377395630       0.12787302776430601        1.3726841104238752       -2.8715043735484778        7.8197497740499147     
  0.57999998331069946       0.12704237750600419        1.4011065747810394       -2.8876081253089079        8.3925893670308067     
  0.56999999284744263       0.13099064874098559        1.5274571243431276       -2.8931615338166168        8.9425732246975667     
  0.56000000238418579       0.12683554879126679        1.4740468726954956       -2.9104997429415187        8.6974880315238643     
  0.55000001192092896       0.12878412760776425        1.4991027145122597       -2.9314158813003641        8.8570376747230135     
  0.54000002145767212       0.12496173252507986        1.4939057991816898       -2.9447939679281006        9.0928480324465557     
  0.52999997138977051       0.13139340600710819        1.5230150743436917       -2.9594927464145182        9.7781443371251893     
  0.51999998092651367       0.12803590494099124        1.5618958130708400       -2.9758555192448473        10.148184003792137     
  0.50999999046325684       0.13048279570024734        1.6166848427433202       -2.9874461654307303        10.400307955478159     
  0.50000000000000000       0.12665565947739874        1.6643350241665049       -3.0092266652839923        10.506566979234492     
  0.49000000953674316       0.12993252561156551        1.6846561739119368       -3.0254632628357352        10.922542574022177     
  0.47999998927116394       0.12267028561110160        1.6851236596844728       -3.0424968157673655        11.179181308102793     
  0.46999999880790710       0.12961985857203859        1.7875306717539019       -3.0549212008094684        11.737943605470580     
  0.46000000834465027       0.12988923351032064        1.7885409531674958       -3.0718795854175540        12.460353619602962     
  0.44999998807907104       0.12635891928155196        1.9131991265302193       -3.0854420070221638        12.004255806702828     
  0.43999999761581421       0.12819222554380008        2.0759372112012642       -3.1048294030968759        12.323656760659849     
  0.43000000715255737       0.12653485078885782        2.0615436579225133       -3.1197245165146934        12.405622294224379     
  0.41999998688697815       0.12362381154304936        1.9781433505021504       -3.1420043643804099        12.905600748917896     
  0.40999999642372131       0.13164489047446881        2.4168634627563481       -3.1558496024480962        13.653896166298384     
  0.40000000596046448       0.12527640018041747        2.2414501477636368       -3.1800541671716633        13.855166337587708     
  0.38999998569488525       0.13245167968931573        2.4035032057364774       -3.1958670784281749        14.095260179983827     
  0.37999999523162842       0.12822616760565517        2.5593905952343414       -3.2169466318268478        13.670380545989802     
  0.37000000476837158       0.12902046892672780        2.1771587494090565       -3.2349232691856091        14.610912451638933     
  0.36000001430511475       0.13292002183018300        2.7192936391448748       -3.2496367562018373        15.925742593032867     
  0.34999999403953552       0.12708824550647402        2.3560473814890495       -3.2780573532252157        14.774962135282832     
  0.34000000357627869       0.12476084002676761        2.3061417415945993       -3.2838438010529312        15.760766860097238     
  0.33000001311302185       0.13471645597794493        2.8692360480179238       -3.3022874723341169        16.953031907624805     
  0.31999999284744263       0.14010457189390413        4.1222647833130797       -3.3229341447292819        17.589621423564711     
  0.31000000238418579       0.13145089478255884        2.9535943019192303       -3.3364261045562942        18.501811291414448     
  0.30000001192092896       0.13641665311037593        3.3226216825352308       -3.3684953767400780        18.983422811675197     
  0.28999999165534973       0.13190533856994041        3.1843559670925972       -3.3822038261916312        18.872107288091861     
  0.28000000119209290       0.13229089853029324        3.9227984648483143       -3.4036665187284436        19.883051828771553     
  0.27000001072883606       0.13623493961962418        3.2202628005312621       -3.4324123917425955        20.443061519344500     
  0.25999999046325684       0.11678398498082374        3.0476929072098287       -3.4644800860311982        21.842810345020578     
  0.25000000000000000       0.17034580377091060        7.0424479688340771       -3.4650357793791779        21.813903635502129     
  0.23999999463558197       0.13282379438033515        7.5039431468466722       -3.4841399079872835        21.326265460687011     
  0.23000000417232513       0.12650646136840810        3.5378142272510389       -3.5033620603369315        19.403056047651550     
  0.21999999880790710       0.13017726556510775        4.8717385240145710       -3.5300834133392667        22.166382706981334     
  0.20999999344348907        9.4262522879524815E-002   1.7647544990138686       -3.5662064790425259        21.349157098991181     
  0.20000000298023224       0.12137292618288670        4.7591960299182059       -3.5628772719618702        23.534775325501279     
  0.18999999761581421       0.16321924075809541        9.2074512016969425       -3.5822273081975546        22.467945800359043     
  0.18000000715255737       0.14420553884139103        5.8830834370698479       -3.6138474037905559        22.626052903157831     
  0.17000000178813934       0.12107862421543629        6.1383687275610139       -3.6252934420589429        26.715107096768751     
  0.15999999642372131       0.17661864136677669        5.7160863073876556       -3.6540085231077351        22.847543206248147     
  0.15000000596046448        7.8121262523653562E-002   1.7405580549049677       -3.6666110848721756        25.185455433596672     
  0.14000000059604645       0.17766718209393709        12.530690893950990       -3.6794378561703551        28.398224363711048     
  0.12999999523162842       0.11192251892960170        3.8856389627115253       -3.7052400362208289        26.533211776052422     
  0.11999999731779099       0.17439816214417325        4.2781295386802505       -3.7343465188544149        23.679382114540736     
  0.10999999940395355        8.8072069354894297E-002   2.4944911945667125       -3.7462271110614487        29.177388696443074     
  0.10000000149011612       0.15581111272270348        1.2160548530996782       -3.7753537510722324        27.339989425224843     
