     #Temp                       Magnetization                    Susceptibility                    Energy                    Cv
   5.0000000000000000        7.9579745031231941E-002   4.9479209285606826E-002 -0.84840201603023191       0.20066206074464479     
   4.9899997711181641        7.9559807081648462E-002   4.9961765085271725E-002 -0.85129710878086495       0.20107710870437639     
   4.9800000190734863        7.9923369873808880E-002   5.0513461139405545E-002 -0.85271483719410446       0.20136827731843171     
   4.9699997901916504        7.9462445432396070E-002   4.9737217685682504E-002 -0.85387902174203223       0.20349834914779194     
   4.9600000381469727        7.9723965346805661E-002   5.0074241663086515E-002 -0.85414376642187850       0.20333708710992932     
   4.9499998092651367        7.9729235811407020E-002   5.0712168086597564E-002 -0.85561491552237656       0.20373455164739820     
   4.9400000572204590        7.9704885769740177E-002   5.0218971928863231E-002 -0.85892501286144241       0.20588933034047704     
   4.9299998283386230        7.9718959322527636E-002   5.0491181028887201E-002 -0.85898698735871815       0.20585669298386572     
   4.9200000762939453        7.9652680912037463E-002   5.0874749476498823E-002 -0.85932982561705573       0.20543794690193312     
   4.9099998474121094        8.0045650971344876E-002   5.1189305981285342E-002 -0.86236848885811590       0.20534611812787898     
   4.9000000953674316        7.9681735057837086E-002   5.0817253282373194E-002 -0.86487822009029625       0.20933914632703610     
   4.8899998664855957        8.0287276882769570E-002   5.1368476082397183E-002 -0.86482861499121810       0.20748966971150959     
   4.8800001144409180        7.9800588321944074E-002   5.1204381275149112E-002 -0.86718075273386463       0.21038886336393550     
   4.8699998855590820        7.9984995407822140E-002   5.1302296045598279E-002 -0.87006053904902603       0.20991899420560575     
   4.8600001335144043        8.0077331606565147E-002   5.1892722507830585E-002 -0.87021580465785298       0.21059855619897069     
   4.8499999046325684        8.0470017291048898E-002   5.2222045421849481E-002 -0.87276284336659815       0.21110046688187234     
   4.8400001525878906        8.0008881689207084E-002   5.1874530499647013E-002 -0.87439501745724235       0.21333295850526984     
   4.8299999237060547        8.0134866677570069E-002   5.1833211596755920E-002 -0.87571430066037059       0.21455942483205293     
   4.8200001716613770        8.0338007123748736E-002   5.3022823442270973E-002 -0.87634199926205580       0.21350335619556721     
   4.8099999427795410        8.0675115281259938E-002   5.2543233053200633E-002 -0.87984827704567459       0.21503995043393176     
   4.8000001907348633        8.0241357667871521E-002   5.2785265359224766E-002 -0.88054215026759153       0.21486685526666427     
   4.7899999618530273        8.0377439780818918E-002   5.3014288218259306E-002 -0.88227498301763174       0.21538599812011749     
   4.7800002098083496        8.0275629044748317E-002   5.3364177918235514E-002 -0.88243333491152876       0.21594760090727508     
   4.7699999809265137        8.0455017948048838E-002   5.3157215431262936E-002 -0.88485695573646217       0.21817325903077528     
   4.7600002288818359        8.0376825833537030E-002   5.3225188550455112E-002 -0.88706761850391280       0.21896425293747362     
   4.7500000000000000        7.9953101856955630E-002   5.3054147606822429E-002 -0.88785023123173856       0.21913384320717538     
   4.7399997711181641        8.0496895072733082E-002   5.4024594645327648E-002 -0.88974442668863918       0.21989455642514399     
   4.7300000190734863        8.0615598515240167E-002   5.4083055797987951E-002 -0.89122873956375237       0.22098950139712167     
   4.7199997901916504        8.0469863797565572E-002   5.3962898754758584E-002 -0.89285515837561591       0.22255350516117084     
   4.7100000381469727        8.0803677918193997E-002   5.4225123504417480E-002 -0.89472429862352687       0.22311474031306799     
   4.6999998092651367        8.0574685463734350E-002   5.4245958329581311E-002 -0.89646235923594209       0.22502600289121583     
   4.6900000572204590        8.0985151541024702E-002   5.4800616600586188E-002 -0.89797529493676431       0.22549033187739681     
   4.6799998283386230        8.0847692482325817E-002   5.4785835872647251E-002 -0.89974931391284918       0.22866355765881638     
   4.6700000762939453        8.1035982050139344E-002   5.5213947103526090E-002 -0.90002258803621948       0.22691751952059072     
   4.6599998474121094        8.0907302691603664E-002   5.5219622220045013E-002 -0.90234643429003958       0.22750948678356545     
   4.6500000953674316        8.0939300543169723E-002   5.5446938846124276E-002 -0.90481849849369245       0.23011075587777904     
   4.6399998664855957        8.1048207424890203E-002   5.5226953118649183E-002 -0.90535748839015129       0.23173233800250384     
   4.6300001144409180        8.1012294425787917E-002   5.5737040807657096E-002 -0.90605961678304414       0.23021428038952174     
   4.6199998855590820        8.1099899047079038E-002   5.6152307696377808E-002 -0.90945560850672613       0.23043237839725145     
   4.6100001335144043        8.0893989337907479E-002   5.6437553121230173E-002 -0.91210468125541910       0.23292799220591523     
   4.5999999046325684        8.1534633555633881E-002   5.6996161995888445E-002 -0.91301407518079414       0.23321330487862213     
   4.5900001525878906        8.0997872884255501E-002   5.6252097134283571E-002 -0.91375615817214961       0.23597332637456944     
   4.5799999237060547        8.1370523061922440E-002   5.6641566766576092E-002 -0.91760448596173150       0.23529232233787653     
   4.5700001716613770        8.1197613716893852E-002   5.6883491448004128E-002 -0.91806722145964170       0.23632088845958082     
   4.5599999427795410        8.1422076723904141E-002   5.7311832038436414E-002 -0.92077234482476134       0.23725343867856286     
   4.5500001907348633        8.1194960071878708E-002   5.7514946223826621E-002 -0.92265111775248554       0.24019526496847868     
   4.5399999618530273        8.1401481686896607E-002   5.7600891268918569E-002 -0.92410335851044667       0.24079113116215456     
   4.5300002098083496        8.1679819716528143E-002   5.7830368296782141E-002 -0.92434614470888254       0.24000693331918471     
   4.5199999809265137        8.1737790679747055E-002   5.8058392524669704E-002 -0.92878464728993704       0.24215358827918759     
   4.5100002288818359        8.1308761225936194E-002   5.8943874195622470E-002 -0.92886289830488356       0.24142401249699214     
   4.5000000000000000        8.1388850297491031E-002   5.8305328172238741E-002 -0.93079732813521554       0.24112688369011318     
   4.4899997711181641        8.1712043162334685E-002   5.8372477869430173E-002 -0.93221811202078131       0.24648729179026443     
   4.4800000190734863        8.1751854807103494E-002   5.8409376069712804E-002 -0.93440119111827691       0.24560815014921172     
   4.4699997901916504        8.1757793074865054E-002   5.9335179373973812E-002 -0.93672690387465996       0.24662712331948844     
   4.4600000381469727        8.1505180672414149E-002   5.8624154261967494E-002 -0.93692581255038399       0.24448023532921068     
   4.4499998092651367        8.1659851833872130E-002   5.9533780489572204E-002 -0.93964896314114899       0.24900264127691077     
   4.4400000572204590        8.1859399652221304E-002   5.9240353823991461E-002 -0.94105992280607320       0.24986714691224698     
   4.4299998283386230        8.2006136571694227E-002   5.9917851881064840E-002 -0.94346222187898210       0.25098720474902186     
   4.4200000762939453        8.1981570726551295E-002   6.0114751277546168E-002 -0.94502242954722426       0.25193934049742761     
   4.4099998474121094        8.2133764224218336E-002   6.0463582173538186E-002 -0.94780393270056973       0.25399124671725470     
   4.4000000953674316        8.2419057456632805E-002   6.0577160480641226E-002 -0.94925625170089412       0.25520148771068002     
   4.3899998664855957        8.2027716163039804E-002   6.0464464197804456E-002 -0.95129481651627457       0.25791862364454665     
   4.3800001144409180        8.2046432733044752E-002   6.0898935347245151E-002 -0.95110196594713459       0.25290297105488185     
   4.3699998855590820        8.2139741057749682E-002   6.1157794599140662E-002 -0.95273925598129194       0.25615249738471063     
   4.3600001335144043        8.2393385282379161E-002   6.1959560109139444E-002 -0.95671360431756902       0.25911623955238944     
   4.3499999046325684        8.2261826023183063E-002   6.1037398941337251E-002 -0.95686546867004685       0.25888454481552176     
   4.3400001525878906        8.2304733845651248E-002   6.1858999514258765E-002 -0.95871564008134835       0.25972352706633761     
   4.3299999237060547        8.2585682839557736E-002   6.2331353289316618E-002 -0.96142319175022772       0.25961293675657143     
   4.3200001716613770        8.2369882709296405E-002   6.2574242810100059E-002 -0.96465452798481433       0.26372357665513674     
   4.3099999427795410        8.2931769517182952E-002   6.2790465541210150E-002 -0.96451533420089675       0.26223219260323849     
   4.3000001907348633        8.2371859214870849E-002   6.2687898661166350E-002 -0.96679194257067136       0.26513915539865612     
   4.2899999618530273        8.2674969529504594E-002   6.2529895765058269E-002 -0.97020873468256352       0.26465758419681701     
   4.2800002098083496        8.2517546777753609E-002   6.4063430269455310E-002 -0.97137406524036884       0.26474705831670597     
   4.2699999809265137        8.3062969660292710E-002   6.3876647597041425E-002 -0.97378179713559410       0.26840813863718022     
   4.2600002288818359        8.2599478817901278E-002   6.3451379493542279E-002 -0.97508953511057073       0.27085741311265554     
   4.2500000000000000        8.2720202287604863E-002   6.3050309381484856E-002 -0.97778647359162862       0.27045156415753291     
   4.2399997711181641        8.3060138992818777E-002   6.4658572376096346E-002 -0.97831674080972264       0.27175744213315745     
   4.2300000190734863        8.3264438251509948E-002   6.4056155990031505E-002 -0.98212367153157698       0.27467409998799863     
   4.2199997901916504        8.2797154644878079E-002   6.4992235696805817E-002 -0.98339228712917548       0.27531714782118244     
   4.2100000381469727        8.2859248362272042E-002   6.4661883756125721E-002 -0.98582095458931751       0.27365440450080708     
   4.1999998092651367        8.2900054091919084E-002   6.5076347657716901E-002 -0.98630202941682932       0.27723228100786640     
   4.1900000572204590        8.3272734201591397E-002   6.4608360176333202E-002 -0.98960389927776360       0.27982565215672411     
   4.1799998283386230        8.2929235682786970E-002   6.5635298668151890E-002 -0.99059130662668826       0.27549147301870514     
   4.1700000762939453        8.2863832220780018E-002   6.5656162074949384E-002 -0.99232621193718373       0.27569231495467217     
   4.1599998474121094        8.3462029780305980E-002   6.6438396876993863E-002 -0.99522711510500816       0.28143897376557186     
   4.1500000953674316        8.3298762385758049E-002   6.5872567738823870E-002 -0.99605031773101016       0.28134638006862944     
   4.1399998664855957        8.3135612010242221E-002   6.6230766583982859E-002 -0.99916182250294894       0.28166220572612560     
   4.1300001144409180        8.3452775694602674E-002   6.6427345059766760E-002  -1.0014461090867512       0.28602005115309614     
   4.1199998855590820        8.3461103779951251E-002   6.6927408644935571E-002  -1.0037871171051045       0.28539778651813286     
   4.1100001335144043        8.3738354832200254E-002   6.8187917229415668E-002  -1.0060954726607352       0.28735366156992387     
   4.0999999046325684        8.3563099243170999E-002   6.6541758784717686E-002  -1.0060129457262348       0.28945872682601298     
   4.0900001525878906        8.3819943990071935E-002   6.7839153764655435E-002  -1.0092370422893298       0.28985950791703641     
   4.0799999237060547        8.3794830181627145E-002   6.8007817607115467E-002  -1.0111071499681576       0.29115451673396242     
   4.0700001716613770        8.4023262695052114E-002   6.9226165736969242E-002  -1.0149597354086237       0.29416026846525589     
   4.0599999427795410        8.4053849003777756E-002   6.8453455178295722E-002  -1.0142605294999723       0.29327031266182296     
   4.0500001907348633        8.3864950373534558E-002   6.9210010357748805E-002  -1.0167613202878243       0.29605627376882349     
   4.0399999618530273        8.4032527759033068E-002   6.8807403729902322E-002  -1.0188307392899636       0.29799702769972547     
   4.0300002098083496        8.3968487402995326E-002   6.9736515046377831E-002  -1.0239563070706807       0.29934177723041450     
   4.0199999809265137        8.4421819444200352E-002   7.0529165443096287E-002  -1.0231842678329377       0.29885134099413435     
   4.0100002288818359        8.3985660625092329E-002   7.0445298276096899E-002  -1.0261020409143311       0.30157907089436403     
   4.0000000000000000        8.4018548922687078E-002   7.0113667889825995E-002  -1.0291725220291992       0.30114144470556958     
   3.9900000095367432        8.4308291371685704E-002   7.1790575847622468E-002  -1.0302792421499878       0.30115920308995070     
   3.9800000190734863        8.4820345006299536E-002   7.1667960195804972E-002  -1.0332045942517831       0.30630292800318693     
   3.9700000286102295        8.4287861141062986E-002   7.1473861603315328E-002  -1.0365226172560038       0.30633699848469631     
   3.9600000381469727        8.4546433062673981E-002   7.1251009868828541E-002  -1.0388436257067808       0.30853644719987439     
   3.9500000476837158        8.4700258244173168E-002   7.2705448242646895E-002  -1.0394004725810169       0.30908637271330341     
   3.9400000572204590        8.4713312813451444E-002   7.1831086836379510E-002  -1.0425870716904957       0.31273963682674094     
   3.9300000667572021        8.4330341939837780E-002   7.3041378804869467E-002  -1.0447073908906039       0.30810485841284391     
   3.9200000762939453        8.4774397490595621E-002   7.3600929362678896E-002  -1.0469100129290749       0.31324341045269033     
   3.9100000858306885        8.5012977790886665E-002   7.3681045055878872E-002  -1.0487055347576850       0.31570260347564572     
   3.9000000953674316        8.4812808460415251E-002   7.3752885072717864E-002  -1.0501125630495356       0.31767079900282302     
   3.8900001049041748        8.4976687668508022E-002   7.3771196492668237E-002  -1.0543812740409535       0.31470747540447574     
   3.8800001144409180        8.4616801742657025E-002   7.3951252466902137E-002  -1.0552588534142036       0.31740385476242755     
   3.8699998855590820        8.5189048786636939E-002   7.5012457297579882E-002  -1.0577735882180173       0.32356725365866473     
   3.8599998950958252        8.5232766529911949E-002   7.4682087505291733E-002  -1.0593701313661081       0.32230652662175030     
   3.8499999046325684        8.5046610415589474E-002   7.5393912549862468E-002  -1.0624371974431950       0.32564980905457419     
   3.8399999141693115        8.5228651286648471E-002   7.5694924340231465E-002  -1.0634737152087024       0.32733152723712172     
   3.8299999237060547        8.5485364489798973E-002   7.6347699417174147E-002  -1.0659008514166881       0.32177550687774176     
   3.8199999332427979        8.5575396297109529E-002   7.6659748942159350E-002  -1.0689897124661074       0.33053096719974578     
   3.8099999427795410        8.5315305973092684E-002   7.5578053943981524E-002  -1.0716919322696501       0.33217799990919250     
   3.7999999523162842        8.5318590973243555E-002   7.7115121421706373E-002  -1.0735430962462706       0.33160722714618579     
   3.7899999618530273        8.5617580561159909E-002   7.6936401649457184E-002  -1.0750043007445726       0.33183428076672311     
   3.7799999713897705        8.5865952995513528E-002   7.7789296526407745E-002  -1.0784572490240922       0.33776528074433027     
   3.7699999809265137        8.5970152983036840E-002   7.7987115606406920E-002  -1.0802079311036370       0.33701853287685513     
   3.7599999904632568        8.5555546106112088E-002   7.8639940743444450E-002  -1.0816293101626882       0.33869830396113959     
   3.7500000000000000        8.6279299964974937E-002   7.8438511605302505E-002  -1.0846256923270940       0.34405608856044750     
   3.7400000095367432        8.5910902119351179E-002   7.8510707360841911E-002  -1.0884430243842220       0.34408027461683538     
   3.7300000190734863        8.6459630832277923E-002   8.0134905520721694E-002  -1.0886648706795532       0.34401741784818790     
   3.7200000286102295        8.5902109389239048E-002   8.0095289178115925E-002  -1.0927820984023573       0.34987144441929491     
   3.7100000381469727        8.5872379044074479E-002   7.8715271711671780E-002  -1.0954182609362733       0.34657908236559110     
   3.7000000476837158        8.6358264086325992E-002   8.0151281873563851E-002  -1.0978765528039149       0.34955920672757934     
   3.6900000572204590        8.6804016810709803E-002   8.2123107842662052E-002  -1.0998275739584971       0.35135051713001392     
   3.6800000667572021        8.6393731731738935E-002   8.1992545036622261E-002  -1.1036407470311071       0.35527172770783122     
   3.6700000762939453        8.6521574989080266E-002   8.1460812205702088E-002  -1.1064406943249667       0.34973459996584882     
   3.6600000858306885        8.6638482157255767E-002   8.2084098992047605E-002  -1.1069060405737756       0.35821469327743743     
   3.6500000953674316        8.6739737241583278E-002   8.2789556429605865E-002  -1.1108462983759850       0.36057855066429967     
   3.6400001049041748        8.6885358939939900E-002   8.3316799517682436E-002  -1.1123679844099403       0.36018494258828099     
   3.6300001144409180        8.6653294708745901E-002   8.3311119206177758E-002  -1.1154076018424381       0.35982386783673098     
   3.6199998855590820        8.6371569752587599E-002   8.3527868259360982E-002  -1.1181996264509693       0.36289129604388487     
   3.6099998950958252        8.6996867928249247E-002   8.3964952846907789E-002  -1.1192239753199869       0.36507283101250615     
   3.5999999046325684        8.7029782980018247E-002   8.4760277731187147E-002  -1.1223269772358042       0.36845133332239000     
   3.5899999141693115        8.6963419064514144E-002   8.4498324774660807E-002  -1.1242594100504530       0.36477215898998488     
   3.5799999237060547        8.6786531565004030E-002   8.5465394039959758E-002  -1.1285528622968521       0.37378630069309821     
   3.5699999332427979        8.7177125155853033E-002   8.4385492128094472E-002  -1.1292533724437439       0.37027683373289277     
   3.5599999427795410        8.7250617470805245E-002   8.6525467619755728E-002  -1.1327237273716342       0.37225025648995008     
   3.5499999523162842        8.7272689784247418E-002   8.6633941895110311E-002  -1.1357339784857639       0.37546491335213933     
   3.5399999618530273        8.7402883248207788E-002   8.6382690621491731E-002  -1.1382814207187271       0.37664475419806365     
   3.5299999713897705        8.7360289145741260E-002   8.7459738991321395E-002  -1.1413028938269929       0.38241536148011945     
   3.5199999809265137        8.7420740201500480E-002   8.7304160478097734E-002  -1.1430087815909840       0.38238000239987663     
   3.5099999904632568        8.7668460118096841E-002   8.8926861142558516E-002  -1.1449623036888483       0.38316746134483204     
   3.5000000000000000        8.7921379417619905E-002   8.7859609115407925E-002  -1.1469608398810849       0.38837868048773982     
   3.4900000095367432        8.8503876968943310E-002   9.0669708258271642E-002  -1.1522434172885674       0.39138311303794032     
   3.4800000190734863        8.7850913989251933E-002   8.8810329725786785E-002  -1.1530572221214468       0.38954207123582024     
   3.4700000286102295        8.8264016588047486E-002   9.0552032414774442E-002  -1.1550982445365046       0.39041998025059138     
   3.4600000381469727        8.8461733157554748E-002   9.0825811346309654E-002  -1.1596440691568006       0.39515372529538845     
   3.4500000476837158        8.8095026673673277E-002   9.1485789506668011E-002  -1.1639564106245592       0.39271063652907645     
   3.4400000572204590        8.8959681975761651E-002   9.2686408055184369E-002  -1.1641890609571810       0.39653617137395830     
   3.4300000667572021        8.8181009006116015E-002   9.1313656449661343E-002  -1.1689557209676036       0.40404459934435510     
   3.4200000762939453        8.8480118180843836E-002   9.1966380632818520E-002  -1.1722124594011682       0.40120394303967477     
   3.4100000858306885        8.8750234282342758E-002   9.3829746554249444E-002  -1.1736336843952475       0.40708588096393999     
   3.4000000953674316        8.8768063769426420E-002   9.4156830755826759E-002  -1.1771353899230759       0.40594759705620975     
   3.3900001049041748        8.8784984827514193E-002   9.3675426702869227E-002  -1.1789280738831029       0.40891078071744663     
   3.3800001144409180        8.9069873283270207E-002   9.4135940827136680E-002  -1.1833220796635557       0.40685823475249311     
   3.3699998855590820        8.9263862388825652E-002   9.5960211867952283E-002  -1.1850280182107606       0.41534627794851936     
   3.3599998950958252        8.9332761466758587E-002   9.4256613276873985E-002  -1.1879146544700108       0.41770619004967702     
   3.3499999046325684        8.9072868227468419E-002   9.6582988968822961E-002  -1.1913250237889439       0.42298274888598442     
   3.3399999141693115        8.8926173193561789E-002   9.6702525776538734E-002  -1.1949362881936927       0.42247065252743304     
   3.3299999237060547        8.8806278362362587E-002   9.5408585550243771E-002  -1.1961993777803175       0.42089642164091035     
   3.3199999332427979        8.9377620486362538E-002   9.7302791013131038E-002  -1.1993162514846838       0.42310140148471265     
   3.3099999427795410        8.9478844811685054E-002   9.7662792425495151E-002  -1.2016326852461667       0.42591833280093261     
   3.2999999523162842        8.9106889980670706E-002   9.7381125026122395E-002  -1.2040855627033675       0.42897105917277817     
   3.2899999618530273        8.9951889859450657E-002  0.10077241248431551       -1.2075305021434570       0.42978676693781992     
   3.2799999713897705        8.9954750047531035E-002   9.9594816880328257E-002  -1.2105944262176329       0.42730381347172275     
   3.2699999809265137        8.9594398249804474E-002   9.9428535397994580E-002  -1.2147473405062850       0.43566039863598471     
   3.2599999904632568        8.9717105609638748E-002  0.10027792808780743       -1.2159060799459516       0.44143565985772776     
   3.2500000000000000        8.9711799247142621E-002  0.10176721063577476       -1.2192195725742232       0.43835294196602737     
   3.2400000095367432        9.0283971887970549E-002  0.10225728317014462       -1.2237193011256111       0.44720973761271193     
   3.2300000190734863        9.0106098664539488E-002  0.10125442148168014       -1.2244953173786361       0.44793284360244717     
   3.2200000286102295        9.0216786618631417E-002  0.10336457767037044       -1.2274651942003232       0.44971718695605578     
   3.2100000381469727        9.0820745079861390E-002  0.10468448208449252       -1.2305483669775681       0.45316797605718451     
   3.2000000476837158        9.0838095249108131E-002  0.10460025464443659       -1.2343842912754632       0.45985898510702794     
   3.1900000572204590        9.0426339115277629E-002  0.10389572214393115       -1.2356992296542419       0.46241862407957302     
   3.1800000667572021        9.0903151589239367E-002  0.10711421844700937       -1.2391767277030850       0.45647271603527928     
   3.1700000762939453        9.0943128927431297E-002  0.10597310433637129       -1.2437764461089138       0.45919333056998168     
   3.1600000858306885        9.1046465060149781E-002  0.10831401716732285       -1.2464732101751159       0.46496966932584682     
   3.1500000953674316        9.1193246503659800E-002  0.10758896966421315       -1.2492073485078992       0.46558021234202301     
   3.1400001049041748        9.1083757301980817E-002  0.10634522252975066       -1.2537059049749519       0.47194388649722546     
   3.1300001144409180        9.0812309189652801E-002  0.10662350437373638       -1.2567227269112000       0.47193427861065362     
   3.1199998855590820        9.1468823456382783E-002  0.10960554845049790       -1.2605347725434684       0.47581572477009537     
   3.1099998950958252        9.1486637740046450E-002  0.11136077126769386       -1.2629209052445900       0.48007686301258662     
   3.0999999046325684        9.1585463118895261E-002  0.10950347504356105       -1.2671922714742343       0.48593788004108956     
   3.0899999141693115        9.1458152888993186E-002  0.10948174341551903       -1.2697832806239955       0.48262006254019674     
   3.0799999237060547        9.1946055115609965E-002  0.11159255216477268       -1.2728337777363019       0.48724513113897527     
   3.0699999332427979        9.2015448589078563E-002  0.11309654018323821       -1.2756945484190594       0.49303307431605076     
   3.0599999427795410        9.1476803036165510E-002  0.11226489212916664       -1.2801709935904346       0.49786177758653671     
   3.0499999523162842        9.1494007939920338E-002  0.11280873152511475       -1.2827852260010020       0.49614914796378390     
   3.0399999618530273        9.2057197437386828E-002  0.11356598307747622       -1.2865217179336068       0.50400084689199443     
   3.0299999713897705        9.2362066950628013E-002  0.11583190447661047       -1.2882880716645722       0.50581443208975319     
   3.0199999809265137        9.2420214900980208E-002  0.11558579690047145       -1.2919712108051877       0.50311395042746243     
   3.0099999904632568        9.2467058221660015E-002  0.11729869555837752       -1.2950898338256358       0.50761937120954015     
   3.0000000000000000        9.2526038472088790E-002  0.11722306920620047       -1.2992319161880157       0.50912573658723659     
   2.9900000095367432        9.2324986201877179E-002  0.11684494814345826       -1.3015602448277104       0.51269463374593116     
   2.9800000190734863        9.3558542888647622E-002  0.12055379112508702       -1.3048910024799252       0.51813368959998252     
   2.9700000286102295        9.3301884039331484E-002  0.12011971808640370       -1.3083287136807911       0.52598795543469967     
   2.9600000381469727        9.2882972477955919E-002  0.12056294494447876       -1.3113015358277949       0.52174203203470981     
   2.9500000476837158        9.3175881931344101E-002  0.12003031245800928       -1.3168182833811877       0.52829041259058485     
   2.9400000572204590        9.3433143204583249E-002  0.12113120445253811       -1.3185826228031599       0.53438005890834273     
   2.9300000667572021        9.3083818497221971E-002  0.12121361470153540       -1.3218560853547181       0.54233485094286693     
   2.9200000762939453        9.3804572239831630E-002  0.12258242580597691       -1.3253010905862164       0.54153494790239898     
   2.9100000858306885        9.3907140534459324E-002  0.12449957996447786       -1.3302287891350901       0.54038153510624398     
   2.9000000953674316        9.3936695158089500E-002  0.12476151408674925       -1.3320514508816903       0.53961814641900208     
   2.8900001049041748        9.3887443387014657E-002  0.12514843901994588       -1.3366137862954224       0.55137350527989626     
   2.8800001144409180        9.4222386712098899E-002  0.12715958583902859       -1.3396956275345062       0.55216510800103547     
   2.8699998855590820        9.4431372124109070E-002  0.12882455870544737       -1.3456193279587620       0.55319653646957023     
   2.8599998950958252        9.4958441015485187E-002  0.13125815582030653       -1.3476268624117427       0.55840257661485093     
   2.8499999046325684        9.4338559217717069E-002  0.12979418715156063       -1.3502630193747411       0.56556269350139821     
   2.8399999141693115        9.4098862879515216E-002  0.12958899722104977       -1.3543120105473094       0.56150475699375946     
   2.8299999237060547        9.4242639719666982E-002  0.12886574630145853       -1.3589278496719246       0.57244886157990993     
   2.8199999332427979        9.4933243165538639E-002  0.13182477936120743       -1.3625179053212317       0.56927407032496691     
   2.8099999427795410        9.4653550009382664E-002  0.13091513200309648       -1.3667513714878392       0.58058219316576043     
   2.7999999523162842        9.4841550724626938E-002  0.13193803667801121       -1.3704661122602908       0.57380262952872285     
   2.7899999618530273        9.5068503050232483E-002  0.13606406757158457       -1.3733879190921978       0.58063193955190340     
   2.7799999713897705        9.5425302501053633E-002  0.13486508802161673       -1.3779095138889086       0.58734880817769564     
   2.7699999809265137        9.5472423614954074E-002  0.13734186525638128       -1.3812965253165699       0.58937666068274797     
   2.7599999904632568        9.5989059328644266E-002  0.13821656957819015       -1.3846838818728033       0.59639259970294822     
   2.7500000000000000        9.5823845942822866E-002  0.13726284316029227       -1.3888830198274158       0.59660177630785427     
   2.7400000095367432        9.5827000693554487E-002  0.13761089799326717       -1.3918761975204224       0.61045660785548317     
   2.7300000190734863        9.6102841611146156E-002  0.14260340415589806       -1.3952521063303931       0.59888933048870019     
   2.7200000286102295        9.5900120260371244E-002  0.14198857754042180       -1.3996147653065290       0.60632231160607597     
   2.7100000381469727        9.6847647533492079E-002  0.14332001264281335       -1.4033394039023361       0.61232513017671664     
   2.7000000476837158        9.6420580244636428E-002  0.14302057535145785       -1.4065874259425897       0.61974024085843726     
   2.6900000572204590        9.6578088934853951E-002  0.14559057828344399       -1.4120139305323844       0.62425153705803060     
   2.6800000667572021        9.6150871323812170E-002  0.14204033202277591       -1.4158816244603967       0.62797617220362034     
   2.6700000762939453        9.7219650587511364E-002  0.14783745586638325       -1.4196898586361646       0.63564555945278700     
   2.6600000858306885        9.7170820229565816E-002  0.14773267087040401       -1.4249410888089600       0.64195621302908401     
   2.6500000953674316        9.6917973144512101E-002  0.14878316811349299       -1.4274401148508713       0.64243147269171885     
   2.6400001049041748        9.7487274831641602E-002  0.15136842341246098       -1.4311358255591298       0.64998233966469987     
   2.6300001144409180        9.7499089256979990E-002  0.15041756336270551       -1.4336034403797426       0.65134232697360961     
   2.6199998855590820        9.8394289886227962E-002  0.15505083113335080       -1.4398215590431209       0.65279239279965973     
   2.6099998950958252        9.7538632313265372E-002  0.15089074214692411       -1.4410330666823601       0.65680000163385632     
   2.5999999046325684        9.7638537031678740E-002  0.15475185621268570       -1.4461628364113446       0.66244750502826810     
   2.5899999141693115        9.8304992833055146E-002  0.15870120562744883       -1.4517284029519584       0.66747417993061575     
   2.5799999237060547        9.8527612753424240E-002  0.15871057137610228       -1.4583441705908600       0.66369909153743500     
   2.5699999332427979        9.8911637226604524E-002  0.15921537224042923       -1.4581191556859909       0.67643749082617877     
   2.5599999427795410        9.8442935130415410E-002  0.15956445433700162       -1.4648614021337332       0.68287608265018529     
   2.5499999523162842        9.8960211645096968E-002  0.16029990739815497       -1.4689719189533184       0.68709857634601268     
   2.5399999618530273        9.9189687397685536E-002  0.16027520567744294       -1.4746513752106236       0.69283555620384307     
   2.5299999713897705        9.9428563647383311E-002  0.16542330845646236       -1.4764575817763166       0.69205704991630601     
   2.5199999809265137        9.9378486796563262E-002  0.16364027200679887       -1.4829845091246718       0.70371505073318141     
   2.5099999904632568        9.9239831356466982E-002  0.16591035866057660       -1.4870011013791054       0.70493477346542999     
   2.5000000000000000        9.9155678577509121E-002  0.16523926963031346       -1.4884838526887383       0.71209355230988991     
   2.4900000095367432        9.9381472827282963E-002  0.16835595286168900       -1.4957991072676304       0.72862891237186900     
   2.4800000190734863       0.10042336754068086       0.17070657665831734       -1.4996582460650523       0.72178219199095450     
   2.4700000286102295       0.10041225039073284       0.17231222156694290       -1.5039009155488754       0.72991921631040069     
   2.4600000381469727       0.10004885130274103       0.17495273686943358       -1.5072225977839981       0.72717338336407544     
   2.4500000476837158       0.10048685834360169       0.17590060494757329       -1.5113311908161766       0.73878621886090534     
   2.4400000572204590       0.10046247279548964       0.17578018799151909       -1.5161542494213200       0.74333165150374936     
   2.4300000667572021       0.10081266510883341       0.17833024825850041       -1.5219146828879437       0.75057020636495697     
   2.4200000762939453       0.10071669830817323       0.17766665070318474       -1.5250837887820587       0.74973630328606888     
   2.4100000858306885       0.10174818961236953       0.18105218240426976       -1.5291188779562068       0.76681741349806742     
   2.4000000953674316       0.10113329480735014       0.18116266663363084       -1.5357470106943807       0.77293303037790073     
   2.3900001049041748       0.10144629206728771       0.18291250966591152       -1.5379021961819475       0.77502395231485977     
   2.3800001144409180       0.10153262056139889       0.18193249383350577       -1.5426268285294602       0.78509242546494118     
   2.3699998855590820       0.10153221579802939       0.18417543182960416       -1.5500872548984590       0.78248101784768309     
   2.3599998950958252       0.10155948104447579       0.18579104100584351       -1.5518594736286482       0.79270592722402011     
   2.3499999046325684       0.10220735921667704       0.19062772361128630       -1.5586876442245901       0.80339722336454678     
   2.3399999141693115       0.10240797384874606       0.19136271164236074       -1.5614216133493164       0.80451301608933512     
   2.3299999237060547       0.10296744632039899       0.19553089347442107       -1.5679738062435971       0.80881299705818455     
   2.3199999332427979       0.10327400770059399       0.19388842634792383       -1.5705973830624382       0.81660358817744672     
   2.3099999427795410       0.10316391465932344       0.19701894715018511       -1.5761900537382645       0.81813573243039517     
   2.2999999523162842       0.10384613216627887       0.20438173523472222       -1.5808146822446025       0.83018307274478664     
   2.2899999618530273       0.10352847468935802       0.20039253737900212       -1.5894006271926591       0.83805368479879228     
   2.2799999713897705       0.10359924015940671       0.20448501757066173       -1.5902374413464626       0.83991876490123840     
   2.2699999809265137       0.10404075676360713       0.20743417299720732       -1.5958681938422343       0.84879420421962970     
   2.2599999904632568       0.10393636994489658       0.20622247043261846       -1.6005469099166751       0.84535478385789664     
   2.2500000000000000       0.10442892166227848       0.20812295006284504       -1.6076681558911139       0.86330232171025045     
   2.2400000095367432       0.10499695440448190       0.21073432634688996       -1.6105287830883193       0.86850375600290608     
   2.2300000190734863       0.10443326521883241       0.20655328956663899       -1.6165513829840348       0.88247753581369592     
   2.2200000286102295       0.10466025236925958       0.21154265639761516       -1.6221884020136006       0.88575172097129473     
   2.2100000381469727       0.10555737470583146       0.21419604673226000       -1.6272023023535780       0.88148152123003964     
   2.2000000476837158       0.10463308836009570       0.21615281361319039       -1.6292737321788597       0.89257637366305487     
   2.1900000572204590       0.10607402719148573       0.22361451434069676       -1.6377781438484738       0.90592130903335399     
   2.1800000667572021       0.10515251954505950       0.22009163668164866       -1.6445057521165960       0.89858124467795431     
   2.1700000762939453       0.10575043154201001       0.22238899965170109       -1.6453258618132627       0.91970417093839130     
   2.1600000858306885       0.10641308950721344       0.22590089134724692       -1.6519352395674813       0.92693444570322836     
   2.1500000953674316       0.10561818868993851       0.22457739802105325       -1.6548259096151869       0.94650276371565845     
   2.1400001049041748       0.10750432887046397       0.23045153675750138       -1.6631200863662601       0.93789182215588918     
   2.1300001144409180       0.10743940676066642       0.23728299063049957       -1.6660323624113584       0.95645578340988580     
   2.1199998855590820       0.10573373663033257       0.23124311104201317       -1.6722396462633682       0.96262500854463151     
   2.1099998950958252       0.10728810677428464       0.23463950568790332       -1.6773495770798184       0.97825588270030817     
   2.0999999046325684       0.10818250697611770       0.24364849085879617       -1.6832320447990188       0.97946348824646023     
   2.0899999141693115       0.10695731668153392       0.23742231044129081       -1.6875294213916157       0.98120471816706634     
   2.0799999237060547       0.10797344203200077       0.23988432748869387       -1.6964957249253461       0.99160370836888800     
   2.0699999332427979       0.10848756303262241       0.24681350856647394       -1.6989580624733711        1.0137300684436801     
   2.0599999427795410       0.10882156471946246       0.25147165869547228       -1.7047645601394323        1.0134565125815398     
   2.0499999523162842       0.10938244506152099       0.24953802683834045       -1.7114368145581162        1.0268061951515670     
   2.0399999618530273       0.10846580952072728       0.25234247496549445       -1.7150071405123375        1.0218442526001847     
   2.0299999713897705       0.10991119970356107       0.25614455444601397       -1.7206952293874769        1.0370595236230264     
   2.0199999809265137       0.10900042488078442       0.25818139332936108       -1.7288112448378061        1.0363544097347539     
   2.0099999904632568       0.11035716695185706       0.26277188147411989       -1.7336537227350060        1.0522467959500761     
   2.0000000000000000       0.11033327335674301       0.26320908724902387       -1.7421178335110123        1.0558867327689132     
   1.9900000095367432       0.11074646445916678       0.27190930109425643       -1.7435022216941547        1.0767418767327337     
   1.9800000190734863       0.10979676516804032       0.27080574942546221       -1.7494355495666090        1.0820298404583113     
   1.9700000286102295       0.11004157563288129       0.27256274057388830       -1.7577562435727889        1.0880579152768823     
   1.9600000381469727       0.11021298438938737       0.27010233014453766       -1.7615321108104027        1.1055840512868245     
   1.9500000476837158       0.11176579507228981       0.28169872837996640       -1.7677285922360804        1.1124641180540005     
   1.9400000572204590       0.11271862985201089       0.29169678230636042       -1.7736384082131578        1.1111879606844755     
   1.9299999475479126       0.11240789385218797       0.28146539540957410       -1.7810673660322345        1.1348920050733915     
   1.9199999570846558       0.11224044194207611       0.28417955694607294       -1.7869822865744573        1.1390175399697697     
   1.9099999666213989       0.11282183413106144       0.29351133104701804       -1.7929864510849653        1.1586634457218308     
   1.8999999761581421       0.11364529025172448       0.30920917368902062       -1.7982336364647402        1.1783157444188563     
   1.8899999856948853       0.11296553324386868       0.29926816456726762       -1.8056620568260437        1.1836137798150039     
   1.8799999952316284       0.11277998677712567       0.29635448583928786       -1.8075699919296080        1.1965885025901304     
   1.8700000047683716       0.11281191946930451       0.29941346965883153       -1.8163796438477127        1.2166431145082059     
   1.8600000143051147       0.11311683213625702       0.30679435558900781       -1.8212027381026212        1.1954312830998739     
   1.8500000238418579       0.11387183507792396       0.31744672220804826       -1.8310596658582727        1.2242997920744496     
   1.8400000333786011       0.11509905013902501       0.32068883468169257       -1.8351779768329577        1.2301544853307664     
   1.8300000429153442       0.11375591802442390       0.30989705848644783       -1.8399070458050200        1.2592612761497055     
   1.8200000524520874       0.11482205641751025       0.32360126667915645       -1.8455023925547354        1.2623003685473584     
   1.8099999427795410       0.11583190257899900       0.33267804323527411       -1.8545329010858971        1.2861787010335031     
   1.7999999523162842       0.11530939369165652       0.32917266988105842       -1.8594031776838607        1.3018962822763527     
   1.7899999618530273       0.11586882317037461       0.33765237414435262       -1.8655692147360485        1.3124912189184401     
   1.7799999713897705       0.11528156003941209       0.33179259154426244       -1.8719359601114285        1.3142753551464081     
   1.7699999809265137       0.11631740882682370       0.35422787843771703       -1.8805642034512613        1.3135736724207328     
   1.7599999904632568       0.11678195077905001       0.33975595585499585       -1.8834572000512371        1.3324634274549083     
   1.7500000000000000       0.11783416080702645       0.34567256826368592       -1.8938886572412272        1.3450583079509029     
   1.7400000095367432       0.11841647140751255       0.36366526518053466       -1.8966060741313697        1.3573385268555616     
   1.7300000190734863       0.11728236018687777       0.36138384799977347       -1.9060157664487360        1.3943562531257718     
   1.7200000286102295       0.11972619765319663       0.38426909104033313       -1.9111412884404289        1.3924761541688555     
   1.7100000381469727       0.11846303314333829       0.37838273956746082       -1.9226433745072480        1.3974137704650775     
   1.7000000476837158       0.11918897216404152       0.37321161817438581       -1.9224707150909046        1.4088969873757962     
   1.6900000572204590       0.11816167391772044       0.38266101070869496       -1.9340321256775594        1.4631197605800055     
   1.6799999475479126       0.11989353211450314       0.38981112235892013       -1.9397225830226672        1.4431105835408882     
   1.6699999570846558       0.11958954569931877       0.38786234732428948       -1.9450822233783724        1.4945322522021103     
   1.6599999666213989       0.11911456734599675       0.38403993297779659       -1.9530519148221013        1.4994880032581162     
   1.6499999761581421       0.12030515227193542       0.39514276546258131       -1.9611910173350113        1.4812480100679297     
   1.6399999856948853       0.12058690921278170       0.39591321576190935       -1.9688530121047387        1.5258018601746364     
   1.6299999952316284       0.12259526210166448       0.41101419541542572       -1.9744619157192345        1.5489740796458764     
   1.6200000047683716       0.12107892802529369       0.42151345907337184       -1.9798935487155951        1.5500619309300183     
   1.6100000143051147       0.12112944481798468       0.40928880592964739       -1.9885804444869075        1.5730421681808682     
   1.6000000238418579       0.12259172004024395       0.42481819038287666       -1.9966830119848464        1.6247878488571403     
   1.5900000333786011       0.12224222012861062       0.43263675563141263       -2.0014143891787297        1.6064733525235388     
   1.5800000429153442       0.12202384308938131       0.43780523624785678       -2.0086527978668851        1.6017848312838261     
   1.5700000524520874       0.12266799502316676       0.44056292798925667       -2.0138575092067117        1.6550466761699310     
   1.5599999427795410       0.12208360250734632       0.43981631970987439       -2.0270326760334267        1.6773748915210058     
   1.5499999523162842       0.12425469634018588       0.45972180827961567       -2.0320546057301634        1.6803527301660088     
   1.5399999618530273       0.12211136611993648       0.45536979290111479       -2.0409209565362771        1.6944627940611388     
   1.5299999713897705       0.12497784410457945       0.46608708379426811       -2.0427557492023771        1.7260634068713356     
   1.5199999809265137       0.12516044099205864       0.48480508350089663       -2.0520925952900715        1.7398191168019035     
   1.5099999904632568       0.12486549600543882       0.47264504762228587       -2.0596464969350716        1.7521270016763284     
   1.5000000000000000       0.12601490779232230       0.48446102107334971       -2.0684329119191234        1.7958651379271942     
   1.4900000095367432       0.12600923482969786       0.48402777648461320       -2.0743112538221209        1.8121583544271531     
   1.4800000190734863       0.12658256259752421       0.50235791771379157       -2.0844211498790557        1.8538683702086092     
   1.4700000286102295       0.12717976383177806       0.52098843703297926       -2.0922207002770246        1.8665870626942185     
   1.4600000381469727       0.12650275837673181       0.52000145606858816       -2.1014457471441728        1.8510692267161695     
   1.4500000476837158       0.12738558490211707       0.53936621306832322       -2.1051568758385013        1.9099134931503898     
   1.4400000572204590       0.12760964460365132       0.51921823364640440       -2.1142797508059386        1.8918571027074957     
   1.4299999475479126       0.12868128340985013       0.53029571030686717       -2.1207336849988594        1.9586113520447634     
   1.4199999570846558       0.12927569627356897       0.54201191500525348       -2.1309919965977380        1.9545082219411238     
   1.4099999666213989       0.12924072320380378       0.56179601969237625       -2.1371800119142459        1.9559404617941132     
   1.3999999761581421       0.12922589464629508       0.55181545758604755       -2.1450119037718367        2.0253807333377551     
   1.3899999856948853       0.13102553843176026       0.57734104829643185       -2.1578468753530369        2.0333126424189665     
   1.3799999952316284       0.12767410105467852       0.57470663862979687       -2.1614480635292450        2.0835846336615420     
   1.3700000047683716       0.13065318276350035       0.59516887394341000       -2.1714243661151307        2.0866983072783216     
   1.3600000143051147       0.13139677504707614       0.58360299397211812       -2.1814057904536011        2.0943054568259694     
   1.3500000238418579       0.13121944215238679       0.59407921128560348       -2.1880783511306685        2.1447020027939208     
   1.3400000333786011       0.13138802332530652       0.61542508094035253       -2.1939977245290745        2.1821748611147820     
   1.3300000429153442       0.13468001237639593       0.65116191559795955       -2.2059388540521048        2.2139175406708249     
   1.3200000524520874       0.13310337678601228       0.64707365159683972       -2.2129789446072969        2.2284798291705141     
   1.3099999427795410       0.13228363602581272       0.61884731715437324       -2.2211429634112925        2.2933501920514687     
   1.2999999523162842       0.13516055914585820       0.65567751263140661       -2.2281794722617372        2.3171369317569654     
   1.2899999618530273       0.13218841360020847       0.64429447717127020       -2.2391853134139748        2.2950769062372665     
   1.2799999713897705       0.13479768305959666       0.67034999734214706       -2.2469417434502224        2.4364602188253994     
   1.2699999809265137       0.13389939042364526       0.67619137710659638       -2.2551884928269832        2.3738520240815237     
   1.2599999904632568       0.13417575491756606       0.66948323072692006       -2.2587108211420461        2.4305035198539229     
   1.2500000000000000       0.13692911490046838       0.70663874532272042       -2.2737116227843166        2.4000432487540273     
   1.2400000095367432       0.13654909289070977       0.71091677294841438       -2.2802332488771029        2.5019672627198939     
   1.2300000190734863       0.13594102529820049       0.71784550112957479       -2.2921972008565139        2.5451043015756429     
   1.2200000286102295       0.13788175150749604       0.74715122595501049       -2.2996226314094854        2.6137708863966327     
   1.2100000381469727       0.13711177145009346       0.74264664074307196       -2.3074617528301395        2.5970203329810611     
   1.2000000476837158       0.13719760676509835       0.73593804722409684       -2.3165930449020022        2.6364895751015651     
   1.1900000572204590       0.13810723560630420       0.77541770500999729       -2.3317391401132790        2.7321801067912319     
   1.1799999475479126       0.13982708951555670       0.78306822793216591       -2.3350126794268293        2.7559915731351801     
   1.1699999570846558       0.13983122091709693       0.81185479128853266       -2.3461407140306449        2.7817682784368816     
   1.1599999666213989       0.13994463792138068       0.81770975273567903       -2.3553512744324241        2.7743270259632324     
   1.1499999761581421       0.14144456236887121       0.82816182024945506       -2.3637810760203251        2.8301150473425731     
   1.1399999856948853       0.13947175721723709       0.82391962279285946       -2.3709032856542800        2.8944031515643434     
   1.1299999952316284       0.14219934960601327       0.85185497702582480       -2.3867110758753216        2.9695928130604838     
   1.1200000047683716       0.13862111913851236       0.84957954816009540       -2.3891247324967844        2.9843846132086309     
   1.1100000143051147       0.14317731108276927       0.87773018283454340       -2.4055410620373978        2.9976799745424163     
   1.1000000238418579       0.14542041061232006       0.94080976413159501       -2.4144617560255206        3.0406039019096549     
   1.0900000333786011       0.14249289707069146       0.91529078840632527       -2.4218659773310667        3.0928399065633942     
   1.0800000429153442       0.14498376446031550       0.93116236801555352       -2.4316508635149816        3.1616439539527588     
   1.0700000524520874       0.14567394864235747       0.96339942810706281       -2.4422036299615155        3.2973911642194955     
   1.0599999427795410       0.14278315163108632       0.93159856877473668       -2.4532761331149038        3.2522250556679313     
   1.0499999523162842       0.14132296127995497       0.89128489495889152       -2.4593222214216546        3.3650734575236849     
   1.0399999618530273       0.14505926620174403       0.99383781244688407       -2.4723443728718189        3.4435263017779314     
   1.0299999713897705       0.14687411106872883        1.0294498713684230       -2.4814471772845854        3.4422849364764496     
   1.0199999809265137       0.14563257691840578        1.0461517886683054       -2.4959335283143149        3.5328529924591479     
   1.0099999904632568       0.14606251601669779        1.0256908665595454       -2.5026322755895394        3.6037242600247641     
   1.0000000000000000       0.14645289995581559        1.0252561394139168       -2.5173560163794861        3.6252875698904674     
  0.99000000953674316       0.14569687356099970        1.0539274311186078       -2.5262213010078605        3.6563837195000222     
  0.98000001907348633       0.14966614558022603        1.1222837113438691       -2.5345083087303726        3.7703909356312284     
  0.97000002861022949       0.14998315304958909        1.1142811531450767       -2.5465447594354589        3.7842997764107875     
  0.95999997854232788       0.15010617326137249        1.1110355143334552       -2.5552290394337209        3.8810232558266744     
  0.94999998807907104       0.14718808281470167        1.0958622792965960       -2.5656347795139749        3.9323108932649236     
  0.93999999761581421       0.15390480397746922        1.2259407556596120       -2.5785738748695866        4.0413770754621252     
  0.93000000715255737       0.14846563629039702        1.1614997888476724       -2.5869913188489293        4.2200575467384924     
  0.92000001668930054       0.15357637597215495        1.2372249828565425       -2.6033981858008852        4.1690096555098197     
  0.91000002622604370       0.15363969352745810        1.2884917708309691       -2.6075715205833823        4.2542696614296291     
  0.89999997615814209       0.15142926088292866        1.2815304968471706       -2.6218359687792487        4.2737416206036976     
  0.88999998569488525       0.15498074581963478        1.3099261421506216       -2.6390334407874581        4.3791066843066488     
  0.87999999523162842       0.15714654754925259        1.3338954452378593       -2.6451775114182294        4.5017778840072316     
  0.87000000476837158       0.15717716253819675        1.3962037525589148       -2.6574114707771863        4.5858734778998560     
  0.86000001430511475       0.15570089744588442        1.4446533607050458       -2.6658865505990987        4.6478450511141425     
  0.85000002384185791       0.16018203228803771        1.5244514670047031       -2.6798635723358171        4.7632724587895767     
  0.83999997377395630       0.16294520079997463        1.5110317160586353       -2.6936261529489931        4.9507560602673308     
  0.82999998331069946       0.15860617215523662        1.4185808964062572       -2.7041146821692901        4.9587383491262971     
  0.81999999284744263       0.16053076796375274        1.5570830391070953       -2.7241391972221289        5.1501229917744844     
  0.81000000238418579       0.16269687488623155        1.5894754310200356       -2.7312710026493785        5.2237136347267201     
  0.80000001192092896       0.15494940352881270        1.5164918971817647       -2.7444494806271305        5.3177469363579437     
  0.79000002145767212       0.16310024379019469        1.6858836666519248       -2.7579521458988330        5.5057851613425566     
  0.77999997138977051       0.16010596590076789        1.6809445514548909       -2.7685837212809083        5.6918059721855494     
  0.76999998092651367       0.16278001395784425        1.7805521135910161       -2.7812521634758292        5.6524492235513311     
  0.75999999046325684       0.16252152043160645        1.7562021929141094       -2.7945436595642810        5.8430762839563304     
  0.75000000000000000       0.16382339095002588        1.7693438274900375       -2.8031376076115602        5.9696158401432058     
  0.74000000953674316       0.16411485790012351        1.8212007588384012       -2.8213442846896597        6.1351551655332202     
  0.73000001907348633       0.16164618562660052        1.8689984638848516       -2.8315529909377388        6.3571964428193022     
  0.72000002861022949       0.16335115261608149        2.0053193128826545       -2.8458714370549587        6.4231318932550154     
  0.70999997854232788       0.16931758329729665        2.0229662728941298       -2.8577880288536823        6.5952751656902731     
  0.69999998807907104       0.17134432449778633        2.0934020863920786       -2.8740736645164975        6.7002943552373422     
  0.68999999761581421       0.16709643404970481        2.0208615159303798       -2.8841518845521694        6.9020040638527007     
  0.68000000715255737       0.16639029485033258        2.3103425863406257       -2.9079380856859975        7.0265492975013695     
  0.67000001668930054       0.17515947942016988        2.3385902956717790       -2.9131117673296814        6.9449898493378708     
  0.66000002622604370       0.17622633551279743        2.3704317940667514       -2.9301383426230099        7.1334955438686247     
  0.64999997615814209       0.17069171448955203        2.5341044601751426       -2.9461096124368988        7.3734509191734334     
  0.63999998569488525       0.16999641332945925        2.3503520712953230       -2.9561509883286896        7.6693030905265287     
  0.62999999523162842       0.17586188960848020        2.6618262217617894       -2.9781950845500247        8.2206676059794752     
  0.62000000476837158       0.17802870680981941        2.6853313291798897       -2.9920611056502957        8.2948185868419149     
  0.61000001430511475       0.17908830891242630        2.7653767328030967       -3.0035253295700879        8.3900052093007478     
  0.60000002384185791       0.18549022872121687        3.0907971823022256       -3.0282094741119048        8.3172990073399227     
  0.58999997377395630       0.18040924644771600        2.8944460877663327       -3.0394207843272754        9.0790179994771769     
  0.57999998331069946       0.19308504116667261        3.5013772457901182       -3.0600124639771442        8.8878710356708162     
  0.56999999284744263       0.18231822193004338        3.1054629126590925       -3.0750992996145952        9.1234894761452967     
  0.56000000238418579       0.19578640384858059        3.6408963286273242       -3.0834956709602550        9.2948176711051165     
  0.55000001192092896       0.19418449068746962        3.8403174494224399       -3.1057929485047917        9.8750019841423651     
  0.54000002145767212       0.19835763846007293        3.9927650041885689       -3.1342857372640607        9.3950965455985802     
  0.52999997138977051       0.21653257560227571        5.9525025384125554       -3.1483781867587952        9.8389958976459617     
  0.51999998092651367       0.21161610126018976        4.9254087739928183       -3.1609358162331742        10.610770892842405     
  0.50999999046325684       0.22011074595393948        6.5515089753706324       -3.1789424065877636        11.071979030284311     
  0.50000000000000000       0.22090319535655747        6.5203212651584108       -3.2096619778339388        11.495547666958942     
  0.49000000953674316       0.20030305735265835        4.8012692173454479       -3.2133934483583335        11.133823094911154     
  0.47999998927116394       0.20677610962224663        6.0768156981763042       -3.2289017368856481        11.445776047274494     
  0.46999999880790710       0.20980795582621878        6.1031858296873773       -3.2557649263764521        12.321408072969065     
  0.46000000834465027       0.22845898809619117        8.0982398307824486       -3.2718115192327013        13.141466134250498     
  0.44999998807907104       0.28075025475620724        12.244876840057723       -3.3062390541736324        12.498422423105573     
  0.43999999761581421       0.22763129994290016        10.049660858721417       -3.3340412772330490        13.420945683303033     
  0.43000000715255737       0.26787691970750444        10.421837963320423       -3.3334113708429016        13.746232650141248     
  0.41999998688697815       0.28272668988640287        14.285041680192428       -3.3702560952443745        14.176161930694812     
  0.40999999642372131       0.31839842363463589        15.745872177063585       -3.4094408968380017        16.904864795093388     
  0.40000000596046448       0.37020792562046906        21.730386149500792       -3.4168791754955241        15.600481287837383     
  0.38999998569488525       0.41214696314442545        25.504139310323215       -3.4476844307319414        17.437770079163240     
  0.37999999523162842       0.43100674620955209        32.983162054529409       -3.4759612548123702        17.571417952746685     
  0.37000000476837158       0.53761862171084518        19.908053166587425       -3.5101994279742299        16.863903098020977     
  0.36000001430511475       0.58617082062047954        8.8440027813093582       -3.5333586510288559        15.215875539000665     
  0.34999999403953552       0.59099340086155250        41.157508304338897       -3.5800098965659441        19.848275791046003     
  0.34000000357627869       0.37572927615528040        35.291185395908919       -3.5683874476832611        22.460862535843024     
  0.33000001311302185       0.57332504870832568        39.713448595946105       -3.6347641135390756        15.513683661031266     
  0.31999999284744263       0.64395766232999774        23.822518221671913       -3.6364662494471931        17.944599321817048     
  0.31000000238418579       0.74464761347683317        6.5302608928377035       -3.6739392913018527        15.882458962252146     
  0.30000001192092896       0.77947769363607722        4.9534283864633677       -3.6977420581524498        13.925187767455386     
  0.28999999165534973       0.71798658708768215        9.5519743916058619       -3.6998112453278811        14.250943491011739     
  0.28000000119209290       0.78190193532964547        7.0319911534523953       -3.7387962778825701        13.294492833669302     
  0.27000001072883606       0.83348670254005952        3.2951726556949188       -3.7726178843058955        14.822215707723885     
  0.25999999046325684       0.85317559100473694       0.99017527076661005       -3.7945886125352271        11.899894883225011     
  0.25000000000000000       0.85772934620971830        1.2120971483832683       -3.8126753303173451        11.804480382240627     
  0.23999999463558197       0.83286763875475323        4.0069861815281689       -3.8159600018591662        14.842833703351729     
  0.23000000417232513       0.87022356328842299        1.0139800045411924       -3.8480156787818625        13.093000702154727     
  0.21999999880790710       0.89307253276496124       0.24245118250581346       -3.8777197191894999        11.348234768866940     
  0.20999999344348907       0.88142600771098445        1.0903754635961285       -3.8846682307427951        13.443831318746104     
  0.20000000298023224       0.88910339731275057        1.1051880170879054       -3.9003087024507388        13.008518656137140     
  0.18999999761581421       0.89578894764495509       0.67522073568131380       -3.9186145910462842        13.057393936143070     
  0.18000000715255737       0.87738520397768094        2.0968443415872979       -3.9271279669290600        14.410728671843684     
  0.17000000178813934       0.85012118371504797        1.1917959963932783       -3.9297810001095788        14.915053660140561     
  0.15999999642372131       0.92026272617467242       0.17547577513940979       -3.9785800556456867        11.263583602800525     
  0.15000000596046448       0.92310763124862960       0.32257644098540644       -3.9959761284778175        11.420448979513068     
  0.14000000059604645       0.92868192416452711       0.18361485162268310       -4.0114474703217242        13.569664426232237     
  0.12999999523162842       0.93274569723226464       0.19776553660132434       -4.0307437287074936        11.978655512629638     
  0.11999999731779099       0.93670558070420351       0.16513727352628621       -4.0454801100335640        13.623062220001682     
  0.10999999940395355       0.94102907306928218       0.15902466152326514       -4.0606326691384114        13.658614084957621     
  0.10000000149011612       0.94541832561998052       0.13100979745642535       -4.0777311578615780        13.200020804912779     
