     #Temp                       Magnetization                    Susceptibility                    Energy                    Cv
   4.0000000000000000        9.4816131708430729E-002   8.5124963305976270E-002 -0.47803155238440909       0.13654853448512658     
   3.9000000953674316        9.5935720024132976E-002   8.9536324070798035E-002 -0.49250275675595073       0.14438442417229108     
   3.7999999523162842        9.7814029203828340E-002   9.4563920096103898E-002 -0.50524432942408204       0.15121594426379473     
   3.7000000476837158        9.9079274858024688E-002  0.10135069195885882      -0.51955358507767424       0.16140105084664394     
   3.5999999046325684       0.10095089684245524       0.10825674218259830      -0.53408247326331104       0.17080647032414797     
   3.5000000000000000       0.10273627887381201       0.11458345504558889      -0.55110492109098896       0.18373928186939223     
   3.4000000953674316       0.10573142601554786       0.12582425746102319      -0.56923002976308146       0.19554434216386760     
   3.2999999523162842       0.10713661577865399       0.13149526022187197      -0.58760946008114812       0.20954534319862314     
   3.2000000476837158       0.11068206290027931       0.14488976060833653      -0.60732759950671711       0.22770180395485812     
   3.0999999046325684       0.11364920187586393       0.15909576420726818      -0.62968095827692561       0.24517876494648508     
   3.0000000000000000       0.11676478810065061       0.17240465700446575      -0.65376002035590242       0.26799649022564065     
   2.9000000953674316       0.12110523143406696       0.19652901009265558      -0.67862306082543133       0.29083228125537963     
   2.7999999523162842       0.12697324731677090       0.22323073010282735      -0.70751202971029381       0.32598582208991439     
   2.7000000476837158       0.13255193151315664       0.25076444785864060      -0.73810526721943437       0.35471633412872311     
   2.5999999046325684       0.13935852290120290       0.28684845866797576      -0.77301879870278634       0.39484968923079278     
   2.5000000000000000       0.15151179205717852       0.35008605488909000      -0.81372804124008868       0.45858326057282128     
   2.4000000953674316       0.16244362057059558       0.41269416696484562      -0.85759313081162547       0.53147141171132473     
   2.2999999523162842       0.17794200947122224       0.51193911306954465      -0.90887981870159751       0.63973967090730677     
   2.2000000476837158       0.20066238097294067       0.68856316552567809      -0.97552939611719147       0.82389767674512848     
   2.0999999046325684       0.23834658843948017       0.92566707019868666       -1.0631876807031180        1.1243915314202517     
   2.0000000000000000       0.28561829324895355        1.1554392700963880       -1.1739095537196982        1.5907715129086042     
   1.8999999761581421       0.35870537947094688        1.3549953116172060       -1.3342513219262324        2.3403484185371570     
   1.7999999523162842       0.43760436332873176        1.2626979258936246       -1.5217594690097671        2.8833227775815957     
   1.7000000476837158       0.51395245108748433       0.92292311932316873       -1.7277846410133562        3.0465749307109440     
   1.6000000238418579       0.57814674804945532       0.62551092530385766       -1.9285433685621289        2.9601132681655113     
   1.5000000000000000       0.63102953237688997       0.40671913611009103       -2.1156766832984464        2.7355322946795297     
   1.3999999761581421       0.67220640060632808       0.30081495592251006       -2.2811358746399750        2.5021803809953371     
   1.2999999523162842       0.70797635908537249       0.23469106103115650       -2.4344105199976802        2.4307855463918617     
   1.2000000476837158       0.74078527768386326       0.17790479246003904       -2.5809618580149225        2.3306622251099984     
   1.1000000238418579       0.77034460209331823       0.14289034881043072       -2.7211040981650672        2.1419353251335784     
   1.0000000000000000       0.79602166898111060       0.11933500002456476       -2.8509753530876774        2.1477503234061714     
  0.89999997615814209       0.82143884585191274        9.8254184216100160E-002  -2.9806015882297210        2.1225470643414548     
  0.80000001192092896       0.84432247255462023        8.7255193155653804E-002  -3.1002104492704694        2.2766422814718288     
  0.69999998807907104       0.86571596493997816        7.9775621933540916E-002  -3.2157915891585294        2.5444878924184349     
  0.60000002384185791       0.88716879064022536        6.1390415537391711E-002  -3.3332445418490018        2.4736270796413526     
  0.50000000000000000       0.90729759273504107        6.0081241531143803E-002  -3.4469218739786016        3.0999829324258030     
  0.40000000596046448       0.92569444900650455        6.1221318713697147E-002  -3.5529049483126784        4.2882433444428694     
  0.30000001192092896       0.94653915454423831        1.6813474834956096E-002  -3.6771320175123003        1.6385207090426641     
  0.20000000298023224       0.96423958550325906        7.9512061453987006E-003  -3.7833846811246827        1.7937813602254638     
  0.10000000149011612       0.98210517953466292       -6.3660077366610619E-003  -3.8900021079072262        1.4574202506589726     
