     #Temp                       Magnetization                    Susceptibility                    Energy                    Cv
   4.0000000000000000        6.1379940743511240E-002   8.6462587483307873E-002 -0.47811893153062707       0.13451469159551888     
   3.9000000953674316        6.2182169628385062E-002   9.1612791492120496E-002 -0.49128791177750891       0.14284979905354125     
   3.7999999523162842        6.3578462030811328E-002   9.6305056136861703E-002 -0.50529716405772551       0.15110754826310804     
   3.7000000476837158        6.4363937452276282E-002  0.10219652696984990      -0.51961143234067786       0.15869926561640721     
   3.5999999046325684        6.5376967563419278E-002  0.10898954568636897      -0.53361808286478307       0.17056029175437165     
   3.5000000000000000        6.6520239537807613E-002  0.11548461860062099      -0.55053683437916212       0.18166697504819482     
   3.4000000953674316        6.8371404743500494E-002  0.12483492972496636      -0.56820929855668989       0.19426370549245089     
   3.2999999523162842        6.9753550392195607E-002  0.13672373116873135      -0.58638125003757013       0.20688060128728378     
   3.2000000476837158        7.1505230370360898E-002  0.14850859703646382      -0.60657051575251741       0.22390504798867017     
   3.0999999046325684        7.3703367397259342E-002  0.16135829577918237      -0.62827265342214544       0.24398671366833413     
   3.0000000000000000        7.5921102671783647E-002  0.17642844694854753      -0.65149756844560147       0.26249830498631532     
   2.9000000953674316        7.8723744821466241E-002  0.19948799635086506      -0.67536586475457228       0.28706148771732493     
   2.7999999523162842        8.1822525582990926E-002  0.22415607989478517      -0.70344931396788302       0.30989895189558553     
   2.7000000476837158        8.5936406640040583E-002  0.25749419931132528      -0.73424829261662128       0.34374442052892867     
   2.5999999046325684        9.0836582073770697E-002  0.29927911060061491      -0.76730914220419610       0.38542257453147338     
   2.5000000000000000        9.7628000292172834E-002  0.36948312898867713      -0.80574882082206678       0.43777815374417517     
   2.4000000953674316       0.10552110961515961       0.44432204521037932      -0.84731933644084334       0.49579121896255313     
   2.2999999523162842       0.11661358362230512       0.56368981018580477      -0.89500467302090536       0.57440653323949775     
   2.2000000476837158       0.13247168852979430       0.77900646671453755      -0.95306879543694523       0.71663960406568039     
   2.0999999046325684       0.15804997593668180        1.1503228500197149       -1.0245779708287273       0.93712292432822442     
   2.0000000000000000       0.20237633362716037        1.7974482709457309       -1.1222693950015441        1.4100420395571973     
   1.8999999761581421       0.27834883172740205        2.5732375116638990       -1.2682367267366812        2.3909252488438275     
   1.7999999523162842       0.39319019454882115        2.2397243000354563       -1.4836227468718024        3.2685795498304762     
   1.7000000476837158       0.48767768867947525        1.3487215814000801       -1.7054125842845176        3.3745871847932745     
   1.6000000238418579       0.55989331141238463       0.78279180865494591       -1.9129358188483612        3.0626433283463523     
   1.5000000000000000       0.61706606390225538       0.45550950174254012       -2.1061441163897374        2.6638976400332064     
   1.3999999761581421       0.66105851212578215       0.35184806374306576       -2.2742010097066583        2.6548793598802729     
   1.2999999523162842       0.69957886183191742       0.23582758429359327       -2.4346133654333451        2.1881671543157739     
   1.2000000476837158       0.73274682949459657       0.21198471314796233       -2.5801896290510116        2.2534049127036582     
   1.1000000238418579       0.76317166090910904       0.15988490598614311       -2.7209709877352322        2.1988190708559547     
   1.0000000000000000       0.79081631155886289       0.11464466084413516       -2.8559239478077041        1.7486187217082261     
  0.89999997615814209       0.81671614918793600        9.9347763766260588E-002  -2.9838694603808968        1.8036648135562554     
  0.80000001192092896       0.84009858544235116        8.5361955973603215E-002  -3.1055392829395121        1.7832320715725027     
  0.69999998807907104       0.86278005842142647        6.9865522333824731E-002  -3.2221949920390394        1.9215604978515637     
  0.60000002384185791       0.88416162520558050        6.0674784021552935E-002  -3.3387154942248864        2.0279446473179230     
  0.50000000000000000       0.90332983692966984        7.5021040001843176E-002  -3.4382064804543364        3.5294971393122978     
  0.40000000596046448       0.92420559320860429        4.2906934565093285E-002  -3.5572435784776353        3.0610635603137037     
  0.30000001192092896       0.94449272926599692        1.7498491053383313E-002  -3.6746301513751778        1.9254585772571802     
  0.20000000298023224       0.96376339252829168       -6.9998449052396071E-003  -3.7868130787852978       -7.8248072155444933E-003
  0.10000000149011612       0.98192674754103615       -3.8077867158569666E-002  -3.8923966153717018       -4.6671560583187137     
