     #Temp                       Magnetization                    Susceptibility                    Energy                    Cv
   4.0000000000000000        4.3950138590263706E-002   8.5430753738868298E-002 -0.47812412371748653       0.13392464371292725     
   3.9000000953674316        4.4698119851167041E-002   9.1750227423244901E-002 -0.49090166507065752       0.14055640089407007     
   3.7999999523162842        4.5358829338199194E-002   9.7624981651067325E-002 -0.50467767159648358       0.14952744966549017     
   3.7000000476837158        4.5970666365496127E-002  0.10250891352174542      -0.51939030120648877       0.15935349641697202     
   3.5999999046325684        4.6660110050054569E-002  0.10973831123783677      -0.53474988253240585       0.17067738951485603     
   3.5000000000000000        4.7743082233009063E-002  0.11699681728898913      -0.55084583090077033       0.18139756273453395     
   3.4000000953674316        4.8598886066999955E-002  0.12516842656462987      -0.56797931363981802       0.19305531630245001     
   3.2999999523162842        4.9822726999460193E-002  0.13388445555762274      -0.58637308400504040       0.20885075079426693     
   3.2000000476837158        5.1236319353517391E-002  0.14791151314763279      -0.60642778638213501       0.22362053256335329     
   3.0999999046325684        5.2633633711796253E-002  0.15926451826281809      -0.62766402812471755       0.24120702255711396     
   3.0000000000000000        5.4496776903473959E-002  0.17945471932417767      -0.65139170485219222       0.25934670219804024     
   2.9000000953674316        5.6101386908162722E-002  0.19630421015378482      -0.67603901549011147       0.28309159672463052     
   2.7999999523162842        5.8764335993688584E-002  0.22989622620521039      -0.70405564839250412       0.31357043364553383     
   2.7000000476837158        6.1209613023766589E-002  0.25611206883889015      -0.73342710221483620       0.34360474502160060     
   2.5999999046325684        6.4538228521992855E-002  0.30209539632590343      -0.76653939841139984       0.38342238562073072     
   2.5000000000000000        6.9457976969499083E-002  0.35451805397239167      -0.80315026809127998       0.42539766197929652     
   2.4000000953674316        7.4982066920256482E-002  0.44819801018742400      -0.84494448171619663       0.48319419118279117     
   2.2999999523162842        8.2737890632682609E-002  0.58580542494549037      -0.89245551387384792       0.56480474953437509     
   2.2000000476837158        9.5751594022160047E-002  0.82866919869792688      -0.94971866925132842       0.67890656257809390     
   2.0999999046325684       0.11473883504663800        1.2803060176751373       -1.0169772105518058       0.85476976946194372     
   2.0000000000000000       0.15192039337192567        2.1257561333337653       -1.1078498717019976        1.2358200353873583     
   1.8999999761581421       0.22744844469051698        4.0576073142259910       -1.2418944881226912        2.3469490769611405     
   1.7999999523162842       0.36194805814934533        3.4238850659288973       -1.4602469611171653        3.5621981459028933     
   1.7000000476837158       0.47596933453659002        1.5381786596837304       -1.7011341773019655        3.2752694327570202     
   1.6000000238418579       0.55022168870122823       0.87683937690219971       -1.9097966501799886        3.0319433538792708     
   1.5000000000000000       0.60775296784200838       0.54713242746858481       -2.1009878715972010        2.6460979294024392     
   1.3999999761581421       0.65373071191132026       0.38964364621750602       -2.2727690298970793        2.4778173359604243     
   1.2999999523162842       0.69313726226603656       0.27953496827205704       -2.4320883086780660        2.2458520295181921     
   1.2000000476837158       0.72778019822847151       0.19979204474209108       -2.5832907712630524        1.8804896907548543     
   1.1000000238418579       0.75856366970035694       0.16697261483071460       -2.7221954346941404        1.8544402582902193     
   1.0000000000000000       0.78663036143002563       0.13772534138878356       -2.8546971362627325        1.8264445459443834     
  0.89999997615814209       0.81230313133595633       0.11831627458229330       -2.9802712463795777        1.9083821814270263     
  0.80000001192092896       0.83725043121667575        8.3664807272809630E-002  -3.1079227754950813        1.4785516021802807     
  0.69999998807907104       0.86042283995275692        6.6391990562826880E-002  -3.2259698914043060        1.4661200630919342     
  0.60000002384185791       0.88278294224485232        4.6941542010381476E-002  -3.3441432276139502        1.1866703956726625     
  0.50000000000000000       0.90382124438045208        3.4468367323459148E-002  -3.4575902450659339        1.1831792654319884     
  0.40000000596046448       0.92357033411346146        3.4776889090962208E-002  -3.5628691598738449        2.3273065546689953     
  0.30000001192092896       0.94368740999049172        3.0262869521661176E-003  -3.6775621056348116       0.49457953064467225     
  0.20000000298023224       0.96302659971115678       -2.8563167685659755E-002  -3.7873771117252542       -2.1650868070837084     
  0.10000000149011612       0.98169361902086383       -8.3648318684227702E-002  -3.8934216830129054       -12.302728692316233     
